u muux

3144441,878.0,1.110,704,8, 317733οΗ871 7,.007 0,788. 080,οῢ04188118118.
70.,08 808,,10380,177.70010, 08408044,03.10.100
3144444441,30.108. 810, 017, 330377 047, 008. w). 711). u 1.
33443133 444 434 4 clypeum 43443434 34334443444343.
080000308370308400, 3177443348, 080. 0, 300 7, 704. 808. 7, 0710140·
087. 0, 007. 010. 880. 848 0 088. 788. 8, 447 708. 8, 870. 111, 408, 480. 004, 041. 111
100. 7, 88, 108088. 11,00, 700. 10,.040 001.480.11,070,181,840,ωο.ω.11,
81, 10, 88, 100 111. 084, 10, 88 800 187. 00030181174018,
3144444111, 000, 13, 3, 300. 31 74444410, 4110 100.407.4ἃ,878711
408,,4087,,7.008 7,,480 01711310,108,11,000 3134410448
710. 8, 070. 0180, (3171134448, 774. 10, 800 3134431000,ωο
3144410,οΝἿο1,,18 11 3343130031 (74334770
3144111434ομ803,01,10,,74 3343143οἾ748 3437444110041
080,0,70810080 3333144010870001840734374448471001Μ
31444134 G. 0, 030, AE. 7, 837 0331348, 800 3437434113, 8, 88
314314οψ0838888οἾ8 3331311,008 33474118,,818..0807
384.0,38,10,108 033711οψ338447οΕ0 004ὣ.1,001.8,777,
31444 10, 318 803. 7, 080 008
3144414 0, 018 03371137, 410 343 ρ.143 818. ὢ8311
claudentur 1,004 Cocytos, 007 34374144 4,80
41333444 11, 888 0437444401θο 34374110, 100
3143414441 Ε, 7, 10 Codriu. 0, 11 344,Ι 1140. Mummi,
3143414403,301 0341443700.οῦ ,,0000,00010,401
0134481301. 7, 708 coeuntAE. 7, 817, 040. 8, 880. 3371333880
3143813348, 478 11, 000 33741348, ⁴ae
claudit G. 0 817 AE. 8, 840. 331341130.4,1,ὢ,11,078 4431434410, 07
10, 377 33134110341,11. 887. 0,.870 33143410, 4481. ΜΦ
3143111311, 3, 111, 8, 00 11, 01 10187 3431441, 308, 0,107
clauditur Β. 1, 033 33144118, 780 3131444441, 780, 048
3143413318, 1311 7, 800 3313414134 7, 430 0344444 G 1, 070
313313413410, 740, 10, 310 34411 E. 3,100, G. Ι, 30, 01, 33134414,78,4117,οΒ
31444444οη3300,0“48,018 880.,887417.003,0,,,1080 3374314080
31434448, 784 840477. 3, 081, 307, 478. 3374 0.,,3000 8181
3144344341,311,11,004 4,,08 1110100180 AE 1, 3373443481.10,ὔ7
3143413080 100. 000. 000, 000, 3, 188, 3374341440 08
3144444140.4,008.008. 01,,8 030,.,,.00041844010,800. 337314141810408
880 880, 8010118, 803, 070, 3373300340. 0410
3144443 0,4,808,4Ε,1,141700,840,7,010.801.048,3374448880041010
874.11,088 708.8,87.141.008,0,18,1304,
31334340.,,.,8014,48840;0, 83010170 800. 11,000. 33744087
07 878. 10,, 140 337410171οῦ
31431143οψ01οῙ0] 1,.,080 331133140041,0,00410,.8 4137110081
008. 481,8,.4117,180, 8, 87117 uo 71,.48004,410,10,01
708 3311331448, 787 33711 G. 4 88. ἃ 7, 0318
clausum 10888 3311331140, 000 40311,οῧ
01434347, 707 3311331134 3, 01 337114 Ε, 3, 08 AE. 11, CH·
3144444440,177.800, 10, 018 3444111340, 7011 3371141 G. 1, 480
31134318,ωο 313138, 1, 17,,.,47814,80. 3371134114401, 404,οὲ
01130,4,341 0.,,1003.0000110..300 000
0111334440,140 380. 474, 487. 0308, 334, 33 74431443,οῦ8
31143 Ε, 0,8,0, 8088 840.4,108,100,007.030,33734118,138
3114341 1, 108, 0, 010 408,,0,1,100,080,331, 441310,Ωο
Cloanthum AE. 1, m 010. 300, m. 8.180 088, 888, 3373114441, m
010,4,0880,,107040 008,,8001.1,0001..8080 3073014401,807
01431148, 001 (17.8 4, 88. 078000 .,0 18. oo mainel, 08). 8.le
0134413430, 074. 10, 748 401. 010, 007, 048, 800 700. ,800 708.οη 1, 611
0144444110, 108 707. 700,870,8,10,178, 8,,9111848184841
0143110187 101. 047. 7, Ι40,141,080.3371433413148,48
0134131410, 800 800. 8, 84. 00, 084, 403, 3374434334313,,1Ε4141Ἷι
00444334οἿ430 407,οἏ1.001,,.084,00871, 0,1,..1173018,Β11
31773414487788 881..Θο810,010.018,,888 AE.2',.,10³w0
3177431 0, 007, 300, 048, 3, 11,100.010,10,78.040. 3373343010,οω
887,7,180,,.,.800010880 088307 7110840 3373331148880. ΜΕ*
33
01111111 104 00810710, 30704174,00000,3003381144111,4,0’31.Δ114511
⁷2⁴ 41414343 434433 43444 14341434 44801

 

