191

6, 331. 692. 6,30. 1691 197. 11, 280. avorum 7, 177. &M- 769. affl. 6611.
331. 647. 7, 689. 9, 392. 1166111118, 137. 9, 7861111· 6, 796. 8, 1131111116 fuga
797. 10,6··16. 11,290. 673. 6611161227 1111111616111112,761
763. 788. veteris 11111616 16111111111119,647 111161· G. 4, 97. flamm,
agnosco 4, 23 [1111111616 16111611111161111616,623 sus
6666 166161111161111111- 161111116,66111111611111111 10,9 1111111111 6111611111 11,606
1161111413,1111111431. νο1611161111161111612,806 1111111111 gladio 2763111110,
1161116,58.11111111111116116111 16161111111,39 434
G. 2, 268. ne 1111616111 vetuit 1111111 relligio G. 1, 116η11161111ηςυὴ2211
pedibus 166111 111 8, 209. 276 ’ vibratos 161111 6111166 121111
ρ111111111111111111,283 vetus 1611611 AE. 8, 332. 12, vibratus 16 11111611 1111411.
vestire Taburnum 6161 G. 2, 823 ' 624
38 1616111611611119,284. 10, 1111611118.1,26
vestis AE 1, 404. 2, 766. 8, 383 1166 AE. 6, 636
619 723. 9, 26. 614 1611111111 3, 416. 10, 792. 12, 1166111113, 188.4,166
161111 11111 corymbos 11111611 686 11661111111116 11161161 611,
E. 3,.39 1661111116 G. 2, vetusto 1116 3, 84. 8, 478. de 413. 16111161 volvitque&
219. 611161 campos 1661166 111616 11, 142 3761611111 3634111116
AE. 6, 640 vetustum templum 2, 713 9, 164. cremet 9, 176111·
161111 E. 16, 34. 12. 1, 673. 1611116 11161116, 76 11111 11222
2, 189. 6, 348. 7,231. 10, 161111116611661116111127.4, 11611161111111,160
106. 11, 687. 12, 262 616 116111 G. 1, 76
1611116 3, 498 16161111111611161111111166111 11611111,227
1611111112, 192 1)11ι11111111119,100 1161111 nom. fen. 01616116
16111111,140 376. 3103. 6, vexit 116 Notus 6, 3566116111 Ε. 2231111111
672. 7, 239 11, 311 1111161 Neptunus 1116111111· 761616 G. 2, Q 1161411
161111 Ε. 10, 36. AE. 1, 132. 9, 111 fervida 7, 24. 111 111161 111111 16161 AE 6769 uu
264 1 Ausonium 7, 198. 11616· plur. 111ιῆ661). caui:
vestris E. 10, 32. AE. 1, 633. nam 111 1111161 7161111117, 3, 606
2,192 712. 3, 716. 7, 214. 364 11611661661 G. 1,610. 114
. 11161111 1116.11,116.1,6. 16611. ,1. 11111
vestro 2. 3, 86. G. 1, 7. AE. 12,64 1161116Ρ116111611 Ε.3,63
1, 137. 2, 432. 703. 6, 1116111 1611111869 1161111 11666111 6111111ς111.5Ξ
266 Ufentem 12, 460 vicinia Persidis G. 4, 291
vestros 12, 778 11 G. 1, 169. 2, 479. 3, 107. 1161116 111 limite 16616 m.
vestrum w, 10 10, 70. AE· 220. 4, 398. 460. AE. 1,4. 64
61111111 16, 161 111. 6411. 164. 1, 66. 114. viciuos nus 1111116
11611111110,708 464. 6, 611. 866. 6, 349. 1161116 61611,712
“ 1611111111 1111183118 3, 243. 462. 9, 399. 632. vicissim 11 3, 286, 611 ,21
16111111 1161112, 84 724. 747. 11, 744. 12, 93. 80. 6, 827. 6, m W*
16111111 11 qun id 16111111 9, 263. 662. 720. 917 11,123.Ι2,4112
2¹⁴ 111, 112123. 69. 64. (1.1, 116111112ω6
vetabunt non 1116 11111 frigora 238. 2, 79. 278. 3, 8. 482. 11611 hiem 11116111 1, 61
E 10, 66 12. 1, 461. 2, 494. 3, 383. 1161616111 6, 688
1611111 consistere 116. AE. 1, 6, 66. 194. 296. 367. 9, 67. 116111611111611φ111161616261
611 141.166.11,116.111.11, G. 1, 166. situ 66116
1616111116. 8, 111 143. 161 annis stacta Ε. 7, 441111
veterem 6116161111 G. l. 378. 111 G. 2, 22. AE. 2, 739. 16, 1111 6111111 obruta 7, 6.
:micum Anchisen 111. 3, 82. 487 116116 gen. 1111 gemis 1111
6111111116, 449 viaeG 1, 41. AE 1, 368. 3, 3111618722
11161611186111.3,12.9,9. 202. 669. 6, 273 7, 199. 11611111 me Imm 1, ἰῒ
coloni 9, 4. ludi G. 2, 381. 216. 8, 717. 9, 376 me 1711161611 4, 434 m
6111111112,632.11161111161Ε. viam G. 1, 122. 3, 77. 141. 6,166
1,368.81611117,796.1’6111 164 347. 1813824182, 116111 res ijo 8, 471
gos 8, 6110. Pyrgi 10. 184 731. 3, 396. 620. 629. 686. 11611 Ε. 9, 6. AE 10, 767. 11.
1616111 sagi 116111 AE. 1, 23. 4, 468. 478. 5, 28. 626. 609. 307 1234 568
Bacchi 1, 216 6111111114, 8117. 6, 260 629. 899. 7, 11611611 E. 1, 34. G. 2141
23. 1161 7, 264. Fauni 7, 297. 9, 196 1649113 422. AE. 12296
661 ’ 111. 616. 166161 11111. viem 1, 661. 1, 61111..
16111116 111111161661611641. 884. 12, 368. 383. 406. 626. 462. 4, 344 Q& 111-1
1. 124 913. itque reditque 111111 6, 12, 799. Argia 1, 231 1111-
veternum 1161111 AE. 2, 613 122 bus 111, 9113
velerum [1111161111 G 1,176. 1111111116 2, 284. ΛΕ. 1422. 11616 6, 367. equ· G. 3112
, parentam 166111. 611. 6611. 111. 1111 6, 611. 1161611,11ι.111.1,11111
9711 16111112 484. 1116111111 8. 210. 694. 9, 386. 11, 4, 86. 661. AE. 1192162
31112 11366. 1616111113, 630 2, 96. 329. 3, 439. 6, 16·
181. malorum 6, 627. 739.Ι 1111 (1.1,89 413. 2, 477. 61. 261. 310. 331837. 47361

 

