08 mos. 16

31116, m. 606 11311Ε, 4, 666 6, 761 460
111116.1,47.6,498.Ε.1,113111111,7696 1611111316131111161117,

363 113118. ’8,63. 6. 1, 614. 4, 673
11111113, 44 7..Ε 4,783.6,667766.3,11111111113,6
111111 1111311116, 1603603. 316. 9, 3794. 6117 nug 11116, 6636868
43116, 1166117, 46. 8, 134. 113111111111111. 1, 36117. 1611111117 1, 396. 6, 703. 3,
ρὲἑιωῧνῗῧ 1ὲ41196ὼ6, , ὲ1ζᾶ61,9,773.11111,3,107, 3⁷ ⁶534 7, 660. 10,666, 16,
16, 4706. 71111176. 3, 36. 11311116, 466 111111111117, 163
Ε7 6, 660. generis 4, 7366, 1631113103. 4, 616. 7,400. 1111111111111111110
1117111711111111111 ..1117177171111 1111 ’1117110371 111771. 1
1111711111 1111111 1111111, 8, 490 664 16164
1111111111,10,610,111111111 1131111 111118, 140. 11, 661 1111111116. 6,368. Ε,,.6736
1111111117 111 (111111111111 1131164, 309. 6, 316 7,680, 6,68
11, 336 31111111111311- 1631161 G. 473. 660. Ε. 6, 11111116. 6, 430
317 16, 169 706. 3, 40 nvibus 1, 611, 6,,60 368, 3,
1111611711 frugum G. 1, 97, 1133111311 6.,4463 646
1111116113111111Ε. 114761 1131111111. 11, 611 1113118, 376
unctoribus 11111 10, 67 111111 11, 6011 11131 conjungere 3111111 AE’.
11111116, 666 11111616, 43 1, 614
1131111198 1111111167,166 111311 6113611116. 3, 871
11311119, 616 11111111,601 111311 11111131. 16, 909
113111 9, 1661667618, 111116,609.648.7, 191 11131116. 3, 663. Ε7. 9, 661
786 11111171. 1, 6.,16 61 11113113, 1311. 6,610, 167, 990.
1131116116,1,40.Ε,7,114. 11111111 6, 37 G 1,77. 164 430
476. 9, 666 111111118.1,111.1’,131 1111 6. 6, 360 Ε, 7, 66, 418,
1131111174, 616. 7, 409, 11, 1116111617, 6767 10, 601
816 3111113, 448, 6, 736 1111171 11111111 10, 766
113116, 4, 666. Ε. 6, 67 8, 11111114, 7616. 6, 813 6, 661 1111111111116, 3, 668
116 1111111111, 6, 164. 4,4973, Ε. 1111111116311, 7, 169
1111111 1,.,,111111111 mama. 1111111111,
,13111 G. 1,464. Ε. 41984, 31171116, 166 110. 473. Ε. 11, 467 ·
9396 1111111, 7486. 8, 170. 4 366, 11111 lupus 11, 81171
1316116.4, 108 6,.469 16, 647 1111464760 Ε, 1,140, 4,
131131 Ε. 18, 166 11171116, 664, 6,.416 11,871 338
13113111 311113 9, 600 1161116 1, 6187 111616 3, 66
113111 G. 6, 338. Ε. 9,(190, 111111167466. 464, 486 1111111Ε17,1 687
11,884.11111(11’1111.3,161111111116,,,.4463Ε11661 1111133647
13161111 Ε. 6, 349 11111111, 663, 7, 618 16111116,604,4,668
1311111 111, 984 111111 31161111 1711114, 647 36111111 Ε.16,7690
131111611111111116661111 111111111, 498 3111111110, 6077
9,691 1111111111. 8,,06 G. 3,,610 1161131311. 4, 466
1371111, 603 469, Ε1,738, 4, 394, 10, 1111111700
13111 6,347, 18, 814 · 7811, 703 1111111717
1311111846 averteremus 1116, 467. 4, 668. 6,660,6,
1311118,660.9,7 11111116. 3, 360 7177199117
1111110,811.18,166 1111111Ε. 17,) 664 11111111, 718
1311637861. 1,483,6,11111111161117111 1111611 11· 11111116, 4, 669. M, 177.
379. 388. 9, 808. 11,8118 311116 6 176 16,(149
1311111,1347 1111111161. 1, 164. 476. 4, 388. 11116, 846 876
13111147, 887 (69969778 11111 G. 4, 417 Ε. 1, 646,
13111 87. 11,60. 011188 111111113,666,660 3 339 6,604.16,7370.
Ε, 19, 91107 111111111111111 11111, 111113 6717
31111118,,97.46 6.,3499 1111111,6.68..,.,Ε67683
1311111111 (1.6,639 61111, 166. Ε. 6,193, 311, 366. 636, 6, 844 7, 8 9
3111111119, 11 11, 6773. 16, 648. 7866 316. 746. 11, 801. 16,7 691
311111 Ε. 17, 80. 8, 346 1111111111111 7711111111, 618 11111111111111171111116, 747
3111 Ε 11, 83. G. 1, 476, Ε. 111141111111116, 179 1111114, 673. 7, 630, 6, 668
48611616. 6,633. 7,.666 11111114,,,886.973361,0,608 1611187167(11376467.Ἰ

1111,111111,111111,11111 1,111.1’11.1,111.111.111 ,

11, 794. 864, 18, 449 11111118,436.16,316 674.4,171.486.496.Ε 1
31171613, 666 1111111111, 713. 367 66 3318, 1636696119.
3111 (173184, Ε,1,13,73 8111131111, 7466 766.761,3,7468.676.4,176.
409, 9, 711. 1034, 778. 11111111 1111181131 111111 666. 670. 367378388417.
7,111 464. 604, 6, 967. ³77: 467.

111114, 676 6,397 16, 668 6031408111. 6, 86. 194.

 

