11 11111

603. 12, tufi* assuesce G. 1, 41 8, 268.- 262. M 101 11,
ascendebant 1,419’ assuescite AE. 6, 832. 3, 174 114. 11, 28. 876 ·
ascendere 9, 607 6611616 G. 2, 472. AEt 7, 746. 61116 G 1, 276. Mill ¹⁰l
6616111616 12, 144 806. 9, 667 604. 12, 336
ascendisset 2, 192 assueta 7. 83 atram 9. 2, am. 3, 431121,
ascensu 2, 803 asstanti 6, 301. 9, 611 672. 6. 666. 10, 73)
univerit 11,472. 12, 613 61616111 9, 618 6111 6, 127. 249. 9, 701. 10,
Ascrae 8. 6, 70 nunciamus, 168. AE. 7, 487 603. 12, 923
Asamum (1.2,176 61616116 G. 3, 418. AE. 7, 490. 61116 Ι, 726. 2, 483. ml, ,
aselli 1. 273 9, 201. 11, 496 1161311. 12, 474
,4616 1, 383. 4, 343. AE. 1, 6661106116, 442 11111661114116111

386, 7, 701 assurgat 11. 284 auidas Ι, 468. 2, 600. 9, la
361110 2, 171 3, 30. AE. 2, assurgens G. 2, 160. AE. 1, Mastusiam

1111611611 sss. 11611 111111 6, 161
Asiam 2, 193. 10, 91. 11, 263 assurgenti 9, 343 61111 usi, 129. 236, m 6
66111 G. 3, 147 assurgentis 10, 797 1, 60. 4, 248. 3844111,
aspectabant AE. 6, 616 6111111616 G, 3, 109 216240 676 9, 74. illati ,
6111611611 G. 3, 228. AE. 6, assurgis Ε. lusu 11, 186

186. 10, 261 assurgit G. 2, 98. 3, 366 6111 2, 221. 8, matt aaa
6111611611,420.10,4 12,916 assurgunt ΛΕ 4, 86. 12, 494 19.6,13217,4668,21119,’
66161111,6Ι3.3,697 4, 279. assurrexerit 116. 66 333. 472 ’

6, 466 11,699 11661111 veneno (1.2,466 “ 111111611616, 118 ,
66161116 4, 348. 9, 667 Assyrium E. 4, 26 atros G. l, 407. AE 1, al. ¹
61116183, 89. G. 3, Ι49 434. 6111111616 420 Τ

4,616.611.16.1,111 111. usto 166116 auum 1, sss. 1116111 ]

3,313. 330. 366 9, 62. 794 6111616162467 11,623.12,460
aspera E. 10, 49. G. 1, 162. 2, Astyanactis 8, 489 attactu 7, 360

413. 3, 67. 384. 603. AE. 1, 6111113623. 61. (i. 1,232. 6116161114, 12

279. 291. 2, 96. 110. 4, 626. AE. 2, 460. 8, 168. 667. 4, attigerat 10, 669

6111111111 assisa) 111111. sss 1, ras. 1, alugensi 1,661

11611111116661. 11, sunna 611111. 11, sss ausger-n 1, sss

87. 11, 636. 664. 902. 12, astringit 0. Ι, 91 attigit E. 6, 26. ,111111

124 astris 1, 440. 3, 166 AE. 1, 682
61161613,286·’ 237. 6, 617. 838. 8,69 attingere (1.3,667-86791
66111116 (1.4, 62 astru G. 1, 218 11616
6111111616 3, 419 astrorum 111. 3, 686. 8, 690. 9, 6011116364 ,
aspergine AE. 3, 634 406 attollens 1,364. tim 114ἷῦ
aspernabere G. 1, 228 “ astrum E. 9, 47 847. 6, 607. 8, 731
6616116166 AE. 11, 106 1111 AE. 10, 622. 11, 704 attollentem 2, 381
aspernata G. 3, 693 6111116161 61160616 2186 3,]81 ³3
6616111111 AE. 1, 14. 11,319 Α 1619671. 10,176.11,639. 4661116632181
aspexit 12, 734 2, 127. 660 11, tw
asportare 2, 778 asylo l, 761 attollet 4, 49
6611116 2, 379 . asylum 3, 342 attolli 6, 829 ¹
,41161611 G. 3, 86. 61. 1,284. 61,611116,11111161,111111111111“6- attollit 3, 662. 67441148

6, 779. 9, 269. 648. 10, 124. gulsa· 1111111 462. 7, 661 illu-120⁴

12, 127 1111118. 7, 474 61101111116, 127
assumus 1,611 11111111 1111111111111618
assensere 2, 130 616111 12, 629 611611111119, 714
assensu G. 3, 46. AE. 7, 616. 611133, 221 607. 611611. allandensem

10, 97 2, 279. 3, 33. 4, usa. 7,466. 111111611161 Ι
asservabant 2, 763 9, 239. 11, 646. 12, 691 61111116ὢ6,ῶ9 wlsi
assidui 8. 7, 60 athesin 9. 680 attoniti G. 3,646
ualdus 2, 4. 9. 2, 374. 441. atho G. 1, 332 attonitis AE. 6, 689. l, 811

1. 1, 111. 1, ss 11111 a. 11, 111 anonimo 1116611ῑέ-
assiduis G. 1, 166. AE. 4, 447 aui 6668 282 12, 610
assiduo 6, 866. 7, 12. 9, 246. Atina 7, 630 attractus G. 3, 606

308 Α(111111,869.12,661 · 6016161013 11960
assiduum G. 2, 149 “ Atlantide 8, 136 6111611616 2, 719
assimilis 61. 6, 603 attinuisse. 1, 221 attrita us, 17
assimulat 10, 639 altas AE. Ι,741.4,491.6, 796. attritus 3. 1, 46
assimulata 12, 224 8, 136. 140 alineare 4, 204
assistens 10, 490 alqui G. 3, 626 “ attulerint Δί 6, 63
assistunt 12, 790 . atra G. 1, 243. 2, 130. 4, 407. attulerit 13322
«lausans servius 1. s, 116 a. 1116111111111. 111111 u. s, 111. 1, ,sn

assuescant 6, aar 1111116111. sne. 611. 6, sinamus. l· ¹². ¹³
..1111111 111611 111111116161611. su

 

