33 mm
11 1111111115,πο 1,.,580101850755 51111111115444

51ρὶ13,,,...30054704,315 5115151511ἶῖ 8, 3, AE. ll, 445. 551113,804.5,450

488..,.AE5,4M³fl39, 547 51115153,131.307
5115505518,55013,574 5511118,333. 58044411,
ωέιέω3333058800 5552113..3415,145485,10, 103.7’,535,8,805.0,131
, 10, 375
511113,450.,.,457153 341 551111151,548 55155833
5511115318 551111 .3 ’8, 557 0515511151 13, 513
0511115111,830 5511111153,’1,.,..385438513,5511117,783
0515511114,.,4831110,417 538.,,,.,,830057787145 5511οΗ1,3133,50.4,11
5515111.3’,53.,,04,303.3 473.5’85,,8170,05’,11,400.,,.333554150.
13,580 300,,48513’,704 515.5,.88537.740543
01151110.1,313,37,111 551111111οῚ 7,378,574,000,0,313.781
051551151, 177 551115111111, 313 10, 07. 357. 733 11, 311
05111111 G. 3, 517 5111115110,’355 Chalcidicam
cerebro AE. 5,413, 480. 0, 410 5511115111 0 3, 00 0551515155 Ε. 10, 50
753.10,415.11,508.131 5511511. 3,103 8, 107, 07. 0511151110. 1, 58
537 10,3710,,1334.338,’13,511515138,445
0511111105343345131, 881 05 γ5111118,’431, 10, 174
177. vom, ’113 55111110, 8, 55. G. 3, 138 01115ἷο 4477
05151135,7’0.,,,01330340. 55115111,,3’57.3,31’01115115Ε.,3315
1,515,11.4,15.5,114 1111111,55.5,1.1,15 chaonium 5115111
05151113, 7147430181 55111 111, 8,30 Chaonium, 13
051110,1,7.05147,307 5511151 10, 510 05551111 G. 3,οῚ
5511111551 4,53 55111101, 80. 331. 351. 304, obsonium. 3,153
cernam AE. 3, 507, 3, 501 3, 830 4151551513, 384
5111111401 551111111511, 430. AE. 5, 830 0515145105,ωὸ
5511151 10, 453 55111111511110 1, 433 05115115, 335
5511111518, m 551154, 100. AE. 1, 53. 3, 313 0511155151 3 584
5511155517, 151 5, 10’4, 13, 400 0111154113430558 7, 03,
55111551 5, 483. 8, 704 5511510.4,155.31,578 „heluo 1, 3³
5511111114,408 1111111111.15,51.13,8,115.,1,1,1.1,11ζ414
55155111, 413. 3, 538. 5505 585 0 153 ,1411411111411
8, 515. ’575 13, 700 55111114, 554. 5,3. 0,05 (3111111411 AE qm
55155101,450’,3,305.1355111134,50 8515511115115 w.
1,358.3554,470 5511155803 1115
5511151150,343 5511131’,507,30,0.,3,355 emmam
0571191795 ’7, 68 369, fioe. AE 4, 464 Ghlhmydss AB, δῦ
5511111 11, 1,0. Ε.. 4,581.5, 5511151 G. 303 535. 4, 40⁸. „hlmy 114111 141614.. 1871
413. 5, 335. 574. 835. 8,03 533540, 551. AE. 1,4’03 3, ,510γῇ m 11, m
0,188,10,30.181 304. 8, 888. 10535137, 51115111’11,858
5511111 4, 345. 5, 833, 445. 0, 304. 800 0111141111,1511
'lm ll, 7oe 0577703111 3, 634 chon„ 6, 644
5111111111,445.3,551,554 nervici (1.8, 157, AE. 3, 707 ,101411551511114
5511153, 385. 734. 5, 37, 0, 87 55111515113, 310. 11, 405 ,10115111
5111151173, 4450, 373. 13, 318 5111151103, 180 0101111111119,1111
5511111111 10, 804 5511113 5, 80. G. 1, 307 0110111111...σρ14 14, m
551153,35’0. 3, 303. 4, 135, 55111103’,53, 70 534 .3.1, ,1011111531
664, 6, 949. 6, 673 7’, 648, 477, 9, 434, 10, 137 51101116,’667
611.8:89.⁴o.’9,190.'249. 03Πο5Ε9,99. ΕΛ ,.1845, Οῄοηὴςηωῃωήή 2³⁴1
11134013, 113358 353 05. 407, 434
5515515ιο,533 511111115οΨ308 111, 7,481. ,11010111453341501
5111113, ω’ 10735. 111750 141 1, ael 11, m
55115111’01,,.430411111,757 55111117,483’ 1111111113,8,65’41.1,311·
5111551553.7,.,’15Ε11,51111115’111,,0004373 450,.,..35340833’837
104. 13, 115 1311555 111 111115
5511151510. 3, 530. 4, 80. AE. 511111 11 401 cummim 11, 515
4,,08 5, 00, ’114 505. 503. 55111511Ἐ. 1, 5013 1,073 0110111135, 18
644799-669, Ῑ9,Ῑ46, ῙῙ, 551185111,135 cibum G ᾖξ’ὶῦ
331. 434,’ 13, 30. 73, 457 cessantem 3, 430 cienda 35, 77, G. 503
certamine G. 3, 103. AE. 3, 55111115, 7, 10. G. l, 71 1111111340
138. 5, 144. 1'97. 385, 300’ 55111151. 5, ’51 1111111111 G, 11379
495. 545.7,533.85305511113,45’8 Ciconumssffl
700. 9, 726 11, 1550, 7ffl. 4788881016 11, 288 cicutss} ὅ, 85
801, 1551555511 55115111 G. 1', 485 111115ὼῆ88
certandum 13, 800 51115153, 540. AE. 13, ’717 515 G. 4, 54, 51. 13155
cenant 2, 11,’ 1, 111. 1, 111. 1111111115, 111 ..11111511151111101

 

