111 10001 -

111100111061010.4,402 “ 48. G. 1, 380. AE. 1, 607. 011 prospicere (1.1,1010-
1110 1, 72. AE. 6, 462. 7, 440. 3, 183. 366. 480. 660. 4, 001 2, 332. hiberni 010
462 32. 82. 423. 462. 467. 643. 01000100100110101101111
11101 10001010 3, 461 6, 6617, 62. 8, 681. 0, 217. 2,481. AE. l, 7161101110
:dn medente 0011110 G. 3, 00050111 {dd dd} Ι13701 0071. 10101υέἓῖῗὲὅὲἒὲ 2, 321,
'ss 0001000 E. 10, 14111106 01- 266
soboles E. 4, 40. G. 3, 368. 4, 6010 06111001 111. 4, 322. 0011 116011. 1101. 1010110,111
100. AE, 4,328’ 10 00111010116,613.1011 1211160100111621.
10101 6, 830. 7, 317. 12, 102 00010 6, 268. 01006 11, 682 2, 366. 6, 610. 12, 661
1000110 11, 166 0010 11101. plur. E. 8, 10. G. 1011 hiberno G. 6302
100010 11, 446 1, 30. 3, 212 10111101 01010110 l, 66
1000100 2, 467 10, 70 101000100000001001Τ1010061. 001160 11101. 10010100 0101111
1001οῙ10111. 001. urbe 3, 362. 1,230.001109,480 “ 111. 6, 26310102,ἅο
plur. 11101. agmina 2, 371. 101000101001010000000110001· 0011610 11100260
0ξὲοῐ 3300101066, 120. 01100 effigio Ιὼὲω. hoc 1110110111 1011163060 0110 11111 G. 1,
0011001 0661100 adsto· Ι 00110 apd G. 4, 163 101161 01010010 0010 ,6271
”,1.“,3111Γ“1ῗι1ἓὶἓ.ἔ“1ἓῗ ’1011312121 ’011ἓὲ633 ἓὲἓ
000110 11011010 7, 06. me 00100000 10011666100160016 60 10010101οὧ66. 110
1101001 00111 01000100101 00010061 001 16, 403. 006 100010 6, 662 urgento&
0101 12, 27 0101 10, 860 - 361.ῑο 001160 00111100.-
1001011116. 0111060100 0011, 1010060 100110 dolentem 4, 101111 G. 2, 331. in 0111
660 304 0011001010001011011010110.
100101 adjeci. 10100 6, 36 001000 amorem G. 4, 464 AE. 11, 427
10011100 10010010 0, 504 001010 inopem Ε.. 0, 200 10116001, 10 00116010 00010111

· 10011 G. 1, 346. 2, 628. AE. 1, 0010101000100100010 G. 1, 606110101166.2,70.11111

108. 2, 387. 3, 16. 71. 120. 203 101010 AE. 11, 563
246. 282. 2064118464, 624. 0010110 8018111. 00010, 00110 1, 666. 6, 36111, 161
000000. 011. 0100. 190. 511. 1000 010. 0110. 011. 1011,
778. 0,64. 10, 200. 360. 444. 0010101 Ε. 6, 46. 100001 opi· 11,301
606. 733. 700. 841. 11, 272. 000 AE. 6, 41. quos 6101ὶο 6, 0011010611 0010110010
866 770. umorem 10001 10, 101. 3, 277. 336. 111 1, 711 ⁸⁴,
100111 1, 300. 663. 633. 2, 10010011111112,110 ffi796.7,11.1ae.ffi··,
316. 420. 748. 3, 12. 234. 1010100 600010 010 vocibus 6, 68. 19662312, 116101
260. 7, 35. 0, 8. 818. 10, 768 0011106]111.01101116.1.16
050. 11, 0. 000. 001 sole 00100. 1, 001. 000. saban 0, 111. in 1,·11
00010100136368, 174 2, 612. 3, 132. 166. 1111, 240. Mycenis [ἲ. 0, 1:5¹
socios E.8,70.AE.1,194.217. 431. 3, 668. 4, 7111. 6, 80. 0100111101 imm
0010111000. 0, 001. 000. 0, 001. 1, 001. 100. 010. 1001111110 111110ιο011
706. 3, 471. 4, 280. 376. 672. 0, 461. 16, 807 001110.Ι gend. 01110110 11. 6ἱ
161. 6, 43. 263. 740. 706. solebam E. 1, 24 101. 00001101 110111 2 01
86116, 184. 220. 800. 8, 66. solebant AE. 2, 30. 12, 768 nodum 0011110111 0, 110. “ ’
80, 401. 646. 0, 71. 166. 00100016. 3, 20 11, 383. 0110101 10111110 υ
361. 768. 768. 786. 16, 241. 0010001 6, 70. AE. 2, 466. 7, 1, 412
287, 203. 441. 831. 11,12. 764 0011101, 00010 qne 0011101
22. 200. 322. 621. 12, 38. 0010111 E. 6, 37. G. 1, 48. 308. 2, 23. contendam 011 L
110 424. 430. 463. 2, 203. 373. 5, 370. 1111011 {ens 1.·51
socium 6, 161. agmen 2, 613. 3, 430. 4, 28. AE. 1, 143. 2, 0011001 12, 840
101011 10 4, 142. consiliis . 476. 4, 476480. 6,641. 12, 001Ιί011001 60101οᾳ11661
11000 cape 6, 712. 0000 nd· 172 sollicitanda 101100 G. 2111 ⁴
diderat AEneoe 6, 170. me 001010001010011011112,103 001Ιί111001 101011 fretusq-
summis adjungere, rebus 0, solemnem 00001010 8, 162 0011101100 egram Ε. 1010
100 solemnes pompas (1.3, 22. AE. 1011101101 concubitus {⁰²¹⁸
1001010 sociorum 6, 174. 0, 6, 63. 0101 2, 262. dapes 3, 10010 voluptas (1.3,111 cs
668. 10,410 301 , oum 00101001’1ἰ.’1,ἱθ1 1ῐῇ
000100 vocari 7, 264 solemnia 6000 AE. 9, 626 0001011001 quinos lli-⁵⁶¹
sodalis 16, 336 solemnia 10111010 11101001 10· 0 10010 601111 12, 401
001 Ε. 2, 67. G. 1,232. 438. 610 5, 606. 10111010 10111001 001110110 1111131339 ,
463. 2, 321. 3, 357. 4, 61. 6, 380 0100 8, 136 0011101101 (inni 01110101 1- k>
461.426,1Ἐ.1,603.3,284. 0010010οΕ.1,21.(1.2, 186Ι 6
000. 1, 100. 010. 0, 01. 10, 1011111100 0, 0, 11 ..0100011000 110 ,
010 · sonem 0. 1, 00. G. 0101 somena, 01 mmuh sf— 1·
1010101611. 0100010 11110111 G. solers custodia pecudum 4, 81 n ,
¹2 ⁸⁰. ³27 1101010111. t„ ⁶1⁶3· (1·ζὲ
1010016111110111100610, 10111 condere Ε. 0,62. 01 im· . 262311116οΜ

 

