1111114,144

111111110840

11111110,οΒ

cient 1, 041. 0, 081

11111119, 700

1111110100

1111118, 004

11110.1,.,.110001718.,4
419. 4, 490. 7, 840. 10, 198.
14, 104

01111117,οΜ

0111114011

1111111117,008

1111110080. 11, 108

11111111 7, 014

1111111114, 440

01 rmum.

04, 110100. 180. 100. 414. 11111000. 0, 040

400. 884400. 400. 470. AE. citatorum 14, 070

1, 0400170011414400. 111111117410, 140

480. 0074, 100. 410. 400. 111111111110, 770

478. 400. 010. 004, 000. 1111111111 10,004

084. 090. 707. 794. 0, 00. 70. (3111111101 G. 8, 48. 18, 4, ma
9440111104, 0044140. ciri 4, 074 0, 044. 9, 07. 14,
mmmmmmm m

440. 6, 100. 170. 049, 448. 11111111,144.0,444
0111110. 700. 7, 04. 104. 11110010

879. 089. 7008 840 480, 1111111111,714

810. 081. 0709 ,70. 440. 111111,001.11,400

084. 007. 07 ,800 10,118. 11111 E. 1, 74. AE. 4,44. 0,
887-11, 8418801400.190.071.8,481.9,00.1113.
00184414 1048804711 11,.448 8108001409. 14,
018. 000. 662‘. 949 074. 088

11111111 (1.1, 81. mcci. 1111111010110,708 1111111110,001.0,071.11, 119
447. 0, 740. 8,4111. 11, 411 circumdamii. 10, 07. G 1, 1111110, 774

1111111180 roi. Β. 4 401
007Ἷο00Ηο1 787. 0400.
1111111108Οο. 4, 004. 040. 0,
418. 10, 848

111318. 8, 04

1131011118. 0,400
1113111100,οΒ
1113111184,80.18.1,078
1110010111
11311110,οΜ

11311110, 400

111314, 000. 0, 00

140.,18.1000.,.04070,11111114,000 ι
1001074 1111111114, 001, 14, 004 ·

circumduiE 00018.9,010.1111111,800

8, 408. 14, 88 clamanti 10, 848

circumdataG. 4,.407 18.4,11111111111119,440

107. 0040. 10, 480. 11, 000. 11111111188, 19
14, 410 1110011110, 44

circumdatur (1048181, 11111111 111 4,οῚ4. 7,400 14,

008 0110

11111110111119,400 clamori, 07. 0, 018. 808. 408,
circumdedit G. 4, 000 0,148. 4, 000. 0, 140. 407.
circumdo 80, 74 401. 0, 490. 8, 000. 9, 890.
circumerrant 18. 4, 099 004. 000.004.11,104404.

113111, 1125', 080. 7, 109 circumseri 10, 887 740. 08414400,400.4Η.
’11131118 7, 08. 18011. 0, 11111011111118,4000, 181 041. 700

474

11111111ῦυί10, 104 1111111110. 1, 047. 8, 40. 870.

11311114, 011. 9, 400. 790. 1111111111111111114,088 111.1,1111.110.1ἑ.1,814

11,400.000
113111, 1 400. 0, 001. 10,

11111111110.8,800.41. 1, 019.4.407.709.8,818’.044.

mmm ·4‚mcmmmmu

circumfuso 11, 040 0,170 8410. 9, 88. 04400.

1113111114, ..41 141.8,099.14,11111111111110,000 097. 000. 791. 40, 400710.

100. 740

1131111110, 000
1110010081003
11111118. 9, 00

ulrice Ε.1,398.10,144.

1111111110, 10
rufflffiwG.8‚ffl

111οΜ14047οἫ180
0001000. 11,197.14,

11111111111111111117, 088 709.890.11,000. 8ae 14,
1111111111 111 11, 000 404. 007 .
1111111111111110,014 11111111110. 1, 004. 18. 8,
circumsistunt 0, 490 000. 074. 10, 48. 11, 044.
circumsonat 0, 474 078. 14, 618
circummuniti, 08 1111111114, 440

circumspice G 0, 090 1111111111υεῦ. 4 70 AE. 0, 140.
circumspicit 1110111114, 4,411.0,041.10,71011,
1111101011111119,410 11113014, 018. 0, 040, 11, 194
circumstant G. 4, 410. 18. 0, clangoribus 0, 440

400. 7, 080. 14, 00 0111111110. 4480

1111100111 10, 9110 11111118. 1, 000 0,009. 0, 48.
circumstanti, 001 109.004.9,19
.111111111111110.4,001.184 11111111 G. 1,108.18.4,000
009. 0, 800 cirum 1, 404
111111111101111,049 clarescunt 0, 801
circumtulit 0, 440. 10, 000 clari 0, 100. 0, 478. 0, 40. 078
circumvectamur G. 0, 480 011111 0, 000

circumvolitavit 1, 077 clarior 4, 700
11111111111184, 800. 0, 000. 111111 7, 474

0, 000 , clarissima G. 1, 0
11111111111111110, 484 clarissime 18. 0, 490
11111110, 080 11111 G. 1, 400. AE. 4, 4110

111111110,010.14,440

,0111111104010700 1111110.4,13.Ᾱ1.1,010.,9
,0111110107 084.11,774.111111.111ο]1.10,
.1.1110,88 140

 

