011 1103118. 143

1161 1, 5118Ι . ³ 1 ω 11117161ῗῖ 16166161 6366111666 priam 16 fine 1111111111 G. ³,
1ξὲ 521111151ιῖ66ὶοῖ Ε.. 9, ⁷: 1368.’1115111119ιῖ1561191595ι 611616ῗ15ἷ 155. 535ξ, 536.

61116169,944.16611116111· 10, 66. 954. 11,690
161111 6161111611 G. ³, 310. 11· 11161116 9, 494. 6166116616] principe ³, 166
1114,140. habenis AE. 11, 9, 664 principibus 66111111 1, 488
600 6666116617,61.161619,91. principio G. 9, 9. 4, 3. AE.
161111 arguam zmrersspn 10,643.616611110,616 9, 769. 3, 391. 4, 66. 6,
619133111666161666111 primi gen. 11116111 G. 9, 44; 109. 6, 914. 194. 7, 349. 9,
6, 591. 11161111 rocem, 11111- 66611 16. 5, 666. 16111 6, 955. 169. 10, 958
16 serum 1111611611 7, 119. 161. 1616116161 4, 133 principium ab 1611 Ε. ³, 63.
pede 6116161611 10, 495. prunis F.. 6, 33. G. 9, 953. 3, ς6661111111161616.7,919.
616161 quien 19, 908 603. 16. 1,346. 5,151. 0, 1 11 Ε. 8, 11. pugna AE. 9,
1116 gutture G. Ι,410.16· 913. 7, 408. 8, 59. 511. 9, 53
mere 9913. 356. 1616 AEr 453.11,573.161611611111.5, [1116111510. AE. 1,391. 561,
6,331.6116,155 69. (1. 1,336. 9, 99161. l, 6186161396. 66347,
11161 1116ρηί611 116111 G. 9, 303. a 1666111611 11661 G. 1, 194, 11469. 9, 319. 10, 458.
96 64. 1111661116. 9, 87. oum 533. 11,100. 19, 195. sama
61161 161616611616116161 111. 111611 G. 1, 118 4, 393. 6116616116 341.
3,47 1115111116 1111116166 app-editur 1111111 6,' 361.
11111161166116111115,999 prino 616616 Luciferi G. ³, 6161111 11, 909
erio 4, 919. 5, 399. 6, 699. 394 166166 16. Ι,410. 1111611 priorem 66111116 1, 646. 16-
9, 913 9, 385. 16 1116166 9, 469. oum 11166111151664116.
111161 1111611661 11116115, 486. 6, 497. 11,493. 61111116 161115,170
111. 166116 9, 939. poscere 5491116116 666 6111611 11111 priores lupi 116116 Μ161166.
Ι9, 360 6, 143. {rigore 16161661 6, 9, 54. 161661 G. 3,50. 1666.
1116616 11616. [1111111669 3091116616 6413161616- 111 16. 3, 913. procos 4,
103. 161. 6 virgo 3, 391. 61166 161117, 130. Aquilone 534
rere 6166116616 7, 969 1, 361. 16616 1,699. 161- 6116161166161113, 693
6161 1, 654. 9, 99. 59 191. 1661166 11, 166 666161161166167,943
131. 454. 484. 506. 691. 664. primo Eoo 3, 688. 11,4 priorum (1.3, 999. vatum ὦ,
160. 3, 1. 4, 343. 5,997. 9, 11111611 adv, G. 3, 187. 4, 4, 464. 111116 8, 319
184. 19, 646 310. AE. 1, 013. 4, 116. 5, [111161 fides 6, 873. 9, 76
6161666 Η6166661 3995. 654. 9, 516 6111661116611Ε.4,31
1616665661 6, 494 primorum 9, 309 prisci Quirites AE. 7, 710
1161661 1161611111 3, 346. 6, primos concubitus (1. 3, 130. prisco 66 sanguine sabinorum
09 Lucina 16116161 4, 340. 16161 7, 706
1166 1, 570. 9, 991. 344. AE. 9, 479. 1. 788. 8, 686. ρ11166166116616,696
419,749.11,959 1111161161 9, 494. 19, 577. priscum Carmentis 1166616111
rmum 1, 456, 487. 9, 501. ortu· ubi 11116 6116161114, 6, 330
18. 8, 158. 899 118. 111111 5, 857. 1611117, Pristin 5, 116. 10, 911
11161 1, 461. 9, 147. 533. 173. 16161617,406,]61661161 1161161161616643. 1611116.
61. 3, 60. 6, 564 1619, 786. 11666161 11, 919. 1161166111661616 11161 19,
rpe ³. 1, 33 1666116 accitos cogit 11, 494
1ρί G. 4, 111 934 11111661 conjux 6, 473
116116. [6111. ,1161666611 61116616 6661116161 Ε. 6, 30. 7, 1111111 nuru 5, 164. 156.
ignata 611 316. E. 6, 1. 39. G. 1, 13. 491. AE. 9, 181
111 (1.9,36966116166616 1¹7. 7,30. 6110. 40619, Pristis 11161161 corpore 3,
16 6161 1611 3, 67. 61111. 76114 497
1111. 6166111111 E. 4,18.ο11 6116666666 (1. 9, 496. AE. Priverno 166664 urbe 11,
,3, 399. examin· 4, 91. 1, 306 4, 959. 566. 11109. 543
ι6116161766 4, 161. agmina gg} 11, 300. 19, 47. 366ζὲ611161 nom. propr. 61119,
115516113166 16166111. primum adj. Acesten 5, [111111116111111666116 (1.1,50
336. 111 origine 3, 48. 4, 540. 14666616 11, 664 3, 466. AE. 1,199. 419. 9,
16.16.1,379.161111,541. primus 1616 omnes 9, 40. 741. 4, 94. 6, 396, 11,
16616 7, 51. 9,181 1161· 5, 491 609
1116 7, 148. lanugine 19, 66161116616161611 (1. 9, 408. 66116174. 194. 9, 914. 3,
1441161,Βῶ 3,10. 1⁶2. 77. 11³. 1³2. 4, ³62.4.229.³96.³³7. AE.2,
,Β μη, pugna 7, 40. 134. 140. 16. 9, 40. 370. 6, 190. 696. 6, 136. 9, 199. 10,
19. plur. G. 9, 340116661 310. 316. 667. 1, 641. 8, 993. 689. 11, 196
611 pro 1661611161 11111, 319. 9, 36. 10, 949. 11, pro frugibus 1661116 11111116.
15 364. 380. 19, 461 3, 71. 11616 pro 61111116 5.
11616 flore 1111661617, l& primusque G. l, 199. AE. 9, 39. 36. 11116166 6666661116- ’
›rpooe wrm 963. 494. 3561. 4, 169. 5, 6116 5, 81. conjuge 1111111
61111 quorum 11661619, 461. 8, 969. 931. 19, 966. 161116.4,466.166116161661 1

p 496 simulant 1391111 61161

 

