01Ι woubs. 181

6616611616664, 467 111166641661611666- mum Ε. 5, 689. agmen
1111111116 1117369 gb, 16616 mugio 4, 419. 9, 47

tuiis 5, 969 16616 11161116 1118, 79161110 urdo· Ulyeeci vulnere 161161
ogo 61111116. prop. 6111 9, 166166116661111111 611 19,90 9436

418 1661616111 9,106. 144. 6404. Tarenti (1.9,197 AE. 8,651
16116 nectit pedibus 4, 939 11, 998 Τ6φ611111,656

le E. 5, 46. G, 9, 941. AE. 9, 166166 G. 9, 159. AE. 3, 999. Tarpeio 61111 8, 659

907, 11, 417 368. 4999. 601. 663. 7, 438. Tarpeiam 611 sedem 8, 347
16166.9,994.111.1,503. ,9, 78. 111769. 19, 177. 636. Turquincooregcsfi,817

606. 3, 965. 690. 4, 997. 7, 831. 830 Tarquinium 8, 646

404. 9, 998. 10, 597. 11, 16611111 quantum Β. 1,95. 5, Tarquitus 10,560

eoo 16661. 1111. lucu. 6. ueneno, 16661161,
16616 urgenti eurique 5, 119. 9, 999. 999. 376. AE. 4, 446. 499. AE. 4, 943. 446. 6, 734.
6611111109,966.6136611166· 6, 199. 7, 959. solummodo 6135. 643. 8, 563. 9, 496.
1611 1359661366ῑὶ utque Ε. 9, 3. 98. 3, 50. G. 1, 79. 11, 397. 19, 14. 905
6111110,531.611611661166611- 9, 967. 4, 460. AE 9, 13. ’16116166 6616166 7, 398

que 11, 313 69114399. 657. 5, 814 6, 1611616616 vocem 7, 514. Mc·
6616111 urgenti 5, 948 74. 969. 647. 869. 9, 636. 66166119846

16 16 quibusvis 16115111 pue· 10, 956. 877. 19, 835. 885 Tartareus 661166 8, 667

eim 16611161 poesim. 11116161 Acherontis 6, 995
,lon 19, 513 tantum adj. 6661116 E. 9,17. Tartareum custodem 6, 395
pcc G. 1, 183 AE. 7, 3117. campi G. 3, 343. Tartareus Phlegethon 6, 661
oposu'm. - 16611636616161161166, 16116166 6, 577
116661116616611161116611. 801. mom 10, 4011, nefus ’1611011638

1,19. 9, 65. G. 1,79. 305. 9, 668. 4, 3116. dolorem 4, 166166 161169, 706
111354161166166 Ε. 6, 49. 419. 6, 464. iguem 6,4. 11· 161111 E. 6, 38. 7, 39. G. 1, 65.
1631666 1116611.3,469. morem 6, 369 dedecus 10, 9140131194. 10, 483.
AE. 9, 534. ,5011 5, 334. 6, 681 16116111,368 19, 716

736. 9, 948. 11, 845. 6116· 1661116 6611111. tenu-iub 16111666 G. 4, 171

nen 3, 478 nuperus 9, 368 taurino 6111111 4, 371. tergo AE.
ungri G. 3, 151 tapetibus 9, 396 1, 366

nuum 61661661 4, 617 tapetio 7, 977 caurio Ε. 4, 41. 1111616111 66111
cuim 6116. prop. oc'rc' 13. Tarcho 8,603. 506. 19, 153. AE. 10, 796

19513 990. 999. 11, 184. 799. 746. 16116 G. 3,68 13. 6, 473
dem potuim. 767 taurorum 6, 963. 8, 180

u cce 1161166 divum G. 4, Τα161161161611,797 caucos Ε.1,46. G. 1,919, 3,
1119611166 AE. 4,651 por· 1611166661.]’661.16611611166 919.4,538.550.111.1,634,
uu 4, 619. tc 1616 potest G. 9, 58. pinus pondere 711. 8, 903. 9117· 316

19, 933 6, 164 sc 66116 1116166615, uorum E. 3, 66. 16. 9, 909. 3,
geret 11, 861 980. gebu senectus 8, 608. 91. 119. bis 6, 936. 389. 479,
git dolor 1111666 9, 138. 6611661669610. 66166166 111, 455

1611ο6611161661 19, 67 11661 G 4, 479. neue. plur. 1611111611.3,109. G. 1, 45. 9,
go 6166 19, 901 6161161161,163.11666161116 146. 3, 616. AE. 9, 994.

gunt mortalia 1116616111 1, 6666616116616696916· 19,]03.1661ι1666161166ρετὶ1 ’

159.161’6161111ρί64,596 666 AE. 5, 431. corpora 6, uum cornibus 66611111 G. 1,

quum 1166 6161 medicine 720.g¹0ria11,430 919

utorio E. 10, 60 tardant corpora 6, 731 taxi G. 9, 113. 967. 443

16 poesim. 16166616 conecti 5, 395 tuoe Ε. 9, 90

ἓε Ι3163316616 'ab‘ 4δᾶξ.16186561111166116611616111111610, 6111611,οὲᾯέ

ui. eb 618111111866, torono 6116111646 111ξὲιέ 11616161

19. plur. uum. 1161 1111, 1611161111 insontis umore 11, Taygeti 66661344 »
1.11161169,989 650 16 Ε. l,89. 16 661166 AE.6

1661 6, 801. 8, 869 19, 1611161166611111611161165, 607. mperouconeum 61111

91 469 octob wcmpb's 1661666111 J

1616111 em 979. 8, 973. 16168 uocum odbaerere.

16111.3,108.ὢ.1,134.7, 161861661661166166116616111 tectos 6, 81. G. 1,347. 9,
9, 9, 784 111. 11, 91 409. 3, 316. 640, 4, 69. 104.
11 pouim. 161111 gen. 1166111 G. 1, 973. 113163179. 1373744114.
tis 3, 711. 4, 411. 6, 639. 6166166611 bubulci 3. 10, AE. 9440679383 4,164.
,354.7,315 19 96034366869115157, ’
1ο ud'. G. 9, 153. 4, tardis mensibus G. 1,39. ju· 1971611168193990393.
53. ,1,614 6799718. 1666169,9911.666116669, 600. 519 585. 6696369,
,317 699. 4989 6378. 6, 489.·ὢ.1,746.1611666 G. 684.9,6111.658.11,917.447. “

1. 133 719. 10, 578. 799. 3,14 19, 81. 139. 596. 697. regin 1
1,108.19,79.690 16166616663,494 1,689.1616111616,8.661116· ¹

16 10, 669. 19, 603. pbot 16111661 nepotem 9, 19611· 16618,99

 

