190 mnnx

01111, 493. 1111 AE. 1, 983. 007. 7, 807. 9, 60. 10, 37. 111111 ε. 9 40 G. 2,ss
01οι 11111 11101 100 011011 8999.948.19,100.040 983. AE. , 0. 3, ,·.
4,.387 110101 11111 1101111 10009 400. 000. 0, 1. ,· .
11101111 10, 76 1111011 mm. sam. gloria 11, 8, 100. 404. , a ⁸
11010101 G. 4, 449Ε. 1,098. 708. 001. lingui 11, 890. 318919
9743. 0, 071 111111.ρὶ111.11010110.1,900. 1110110118, 190
110111 0, 790. 8, 389. 10, 50330 11101011 11. 8,6ΐ1 (14111
881 11010111 1111 19, 848 1110111 1, 399. 3, m 252
1111111 1,,019. 11 1111110οο· 1101011 111101011001100111 810147. 0, mm}
111101101011111101100111, 11010111101110111 Ε.. 8, 449 11111111011011)ιῖλ 25:6³, 181
49 1101110,10110111010100111 0000110111 0, 377. inber
11011 1110. 1110101111 9, 983. 0111111110. 4, 199 humum 9, 009 stum 10,
11101 10011001 pelugi 0, 1101111 1111111 AE. 9, 300. pro· 9081101001·οω 10,oess
039 101111 3, 910 1111010111 11, 700
1101111011 G. 3,489.4, 938. 1101001110111111 111111 G. 1110111 (1.3, 1111 ,41 wi
11110111,135. AE. 6, 7. 0111 3, 98. 10 montes ,4,101. 111011 G. 3, w. 18991
10111111 01110011 G. 9, 100. 1111 111 1111110 6, 40. 111 11- 379. 7, 339. 10, 04 11, 110.
1111101011111010111111.4,9 0118,309111101111101 380
1101111 4, 191. 7, 768. 8, 10, 710. 111 1111101711- verbo 0, 047. 10, 047
190 11011 1111 19, 739. 11110· 1110010019, 280
11011110 inductus 110. 0, 1111000111 19,803 1111 1111111101. 112 10,74 01,
400 1101001 1111111115, 10440 43. 915. 340. 9, 319. 1941,
1111111111,701.11,986 1101011 nom. ,11111 desuper 979. 499. 4, 99 134
1101111 11011101 6, 087 0101 maehina 9, 47. 100 1111· 110018. 8, 1011111
11011111 1, w. 9, 117. 8, 11110 10111 progenies 1011 0, 1111011011 1111 111 111101
1111112 prorem 9. 3, 30. 00. 7, 111111π1111011111111ῳ11ω411111111111111111 ξ’ 111111111ωο 1,
47. 8, 1119. 10, 77. G. 1,910. 0010101019, 1901111113, 071
&4125 1168491310Ξ 31, 333. 4, 408. 9, 043. 000111 Ascanio 1111111101 111. Ε. 3,4
· · · · 1
39. 0, 504. 8, 090. 9,
033. 11, 149 110011011110011101110111- 998
1101101111111100 E. 1,30 4, 4. 011 Pelopea Ε. 9, 194 1111111 quo 0111111111 111001 ἰ
10, 19. 94. G. 9, 390. 019. 1101011 praescium. 1111 8, 12⁷2?
AE. 1,9. 09. 348. 303. 9, 697 · 1111 [111-1111111110 9, 1414,
119. 394. 3, 138. 417. 609. venturo 111010 Ε. 4, 09 188. 7, 459. 10, w
0, 340. 0, 015. 7, 499. 700. 1101010101ο111 193158. 1111110100011010111 8001113,
8, 319. 9, 700. 11, 491. 038. 71011011111111011111111111 4340011111 6, 091
733 F 3 w 3, 180. 010111 110101 10, vegam te mni! 0011114
venito .. 99
1101001 (1.1, 11. M, 98. 9, 11010100 excidio 1,99. 0011 veriti, quod umqum 11111
⁶4⁴ Ausonios 0,346 10001 E. 9, 9. m 11101
11011 Ε. 3, 73. 81. G. 9, 903. 1101010110 1000 8, 076 1111111 AE. 0, 013
4, 9. AE. 1,183. 9, 410. 3, 110101 (1.1, 491. 431. 409, 111101 19094
09. 196. 337. 6, 99. 703. 0, 9, 311. AE. 3, 130. 909. 411. 1110011101. ι
161ξὲ. 172, 937ὀ79ὶὲἒ1. 10, 300. γ44111.0618ξέἑ177 11.·ἑὲο 1111111, nonme (1.1
. . enno -
ventis 119, 90. G. 1, 300430. 7100101819. 11, 949 1111101 [11110111 AE 1, 09
9, 133. 3, 309. 4, 9. 998. AE. Venus G. 3, 907. 4, 016. AE. 110101011101111000011 de}
1, 43. 319. 094. 001. 9, 049. 1, 929. 390. 335. 380. 411. [1110118674
794. 3, 903. 003. 083. 700. 4, 618. ΘΙ. 4, 107. 0, 779. 8, 11111111 equora G. 3, ml
381. 040. 5, 911. 319. 0, 75. 370. 090. 018. 10, 10. 339. 1111110111 1100011 111011 Μ,
709. 7, 93. 394. 8, 689. 707. 008. 700. 19, 411. 410. 068
10, 09. 400 730 111111 011 11111011 G. 3, 09
vento G. 1, 334. 800. 431. vepres G. 1, 971. 3, 444. AE. 1111001 1111011 nunt 1411
400. 3, 9701. 60 419. 484. 8, 640 918. equom 6, 773. 111011

AE.l
901

,4, 8,000 111111110111101111110111110
419. 110101001110110.4, 100 111 101101 1111111111 09,

4, .
. 89, 307. 333. 9, 11111940. (1.1,313 9, 149. 1111103110
7 3, 473. 4, 40. 393. 338. 4, 77 11111110111011011111111111·
949. , 9, 080. 19, 1111 10.]7111.111111101 11110111110111111
080 4, 49. AE. 3, 001. 1011110 pn· 1111110110. 101101 (1.0,Βί
ventorum G 1, 318. AE. 1, 10110111,400.111.10111 101111111480111111110
141. 3, 070 010111 8, 301. 11111. plur. 111 100, 141
ventos G. l, 01. 309. 300. 3, 1001119, 78. 01109, 149, 11111011 101010 11 111111
w. 318. Ε.. 1, 03. 9, 110. 11111109,161.1111113,310. 0111114, fflss
3, 71110. 014. 4, 940. 907.. 00001111010111010,100 110110000110111111111
439. 7110. 6, 90, 09. 097. 111111,409 (1.3,973

,66
80. 08.
6 909.

 

