175 ' mum(

3, 5 77717117577577 (1.1, 5188, 135. M, 142 531. 744. 771777 2, 199. 17
90 sulcum G. 2, 52. 711. 10, 775777 7757122271777157
Santonum Rutulum AE. 12, 298 9, 575. ripis 11,547
505 771777 2, ffl? 77777777 culmine G. 1,402 ,5.
sudabit equus (1. 3203 Sulmone 10, 517 7, 512. pulvere G. 3,171.
sudabunt 7777777 7777117114, Sulmonis 9, 412 fluctu AE. 1, 105 mci 1,
3ο sulphura G. 3, 440 110. ethere 1, 223 12 151
sudant humore 17777777 (1.1, 7717757777112,598 Jove 1, {m 5, mun· 1,
117. 7777 1, 480 7717177774 7774 7, 517 737. umbone 2, 545. urtice
77177717113777 odoratu 57177777 77777, 7777777, 77771, 7777177, 7777- 2, 682. 4, 1685771777171.
2,118 71777. 22. 7777172566. munite
7711711 sunguine 111177 51. 2, sumatque prim exordia 4, 5,197. 11, 891. pectore 5,
582 284 558. iu 77777777 &fiel 77
771771717777777771777671171· 777777 pedum 8. 5, 88. pater 777711722817777771777777-

bus 11. 8,54 AE.5‚⁶3³ 117 11,625. 01 7777711131
7777177 G. 2, 25. 359. AE. 11, 777777177777777777711.5,35. 77 tumulo coll 12, 134. 77-
473 7777777 AE. 2, 576 6, 501. burno 12, 715
7771117777,524. 11, 804 thyrso· 7, 390 suumn· montes 12, 113
sudor G. 3, 444. 501. AE. 2, 7777771 7777777 inimico 7 san· 7777776177 77771 7117767313
174. 3, 175. 5, 200. im· guina 11, 7271. 77777777 77 summum 7777777777 (1.2,2
77777177 G. 3,554 sunguine 12, 949 7577 2, 123. 7177717 771Ι
77717777 AE. 9, 458. 12338 777117777772, 103 453Ι nd 7777777777 177114,
7717777770.4,77,777777717777 7777777 7777777. sing. 77777 G. 385. apicem 5175411,
51. 8, 529 3, 493. 777 AE. 2, 322. hee 492. corpus 12375
7777 G. 1, 400. 2, 72. 520. 3, 771 4, 237. cui 77777777177· 77777771 77777 12, 31
497. 711. 5, 97. 7, 17. 11, 777 10, 10017777 beni 12, 7777717777777772555
193 572 , 7777777117 7757771717 (1.2,1ἧ
77711 succedere 77777 quadru- 7777774 751. G. 2, 300. in 77771 777717 AE. 2, 518 575
77771773, 541 1, 369. 777771 3, 196. 777714 sumunt 777 corun}- 82,
suetus 5, 402. 1717 ego 7777777 ⁴ 4, 352. 51. 1,127. 5, 357. 387
5, 414 7757777 G. 4,5⁶7.aroeAE.2. 7777711771,155
77117711 in 7117 12, 739 · 41 4, 410. 6, 519. 7, 70. 3, 7777777777771117177771158.
77117711 sunguine 2, 210 86. urbe 7, 171. ab 7777 9, nuper 7777 erm δι 2, 117
77117777 2, 491 417. opum vi 0, 532. 12, 562. 77171111( 6, 17. 71 qn qu
770177. prolem 7117777 77 7111 7177715302 75 5771111, 17777717577777 777 7. 53.
7777777717 (1. 3, 55 747 nequo sug: jun opu 7117
sufficiet 71777 2, 191 77777777 77771. 1777 777777771- poncii 7718ὤ1
7751717777, nec 7767177777 ob· 7771777 E. 1, gi. 17571717 AE. 7777777771. 7777711725οῶ
nili 777171 51 5, 22 2, 463. 1777771777 10, 476 7777. dominu· potentem 3, m
7701711 humorem 171177 G. 2, papavera Ε. 2, 47. finient supplicibus 57717 imp
424 77177771777777 Danais G. 2, 300. Lycei 3, 31 . 4, minusque 8, 61
AE. 2018. neu umbo ictibus 538. 17771774, 55. fastigia 77777777 77777777 mm· 5141
9, 810 777777 AE. 1,342 71717577 2, 10, 251. 7117 5, m a&
7711171777( pastoribus umbram 226. 7717771777 777112, 695. 7,562
G. 2, 435. 1777 regem 777777 fastigia 2, 768. scopuli ⁵, superabat 5777177 771771.
4, 202. neu jam AE. 9, 180. 7777777775, 819. cn· 519
515. non corpore 7177712, cumina 5, 578. gamin· 7, superabit 17777 ambibunt
912 808. tempora 12, 174. 7777- 236
suffire thymo G. 4, 241 17 12, 434 777777771ᾱί17. 71117 tem 23
77117777 77771717777777 AE. 11, 77777777 genie. 77717 2, 156. 9, 38
571 151. 17177 2, 801. plur. 711777 7777771411717777177777775»
suffuderit 777 ruborem (1.1, (1.3,199 42
430 summam belli AE. 10, 70 superanda 6777717 som k·
7717777 777177177777717711.1, summus 777777 G. 2, 232. 77771777151.5,710
228 71777772,351.5775773,465. 7777777777177177177775471
suggere 17177 77117110,333 undas AE. l, 147. 77777 2, pur 71777717 muti: 11,511
suggeritur 1777777775 75771 615. 11, 477. 12, 654. 698. supeant 17771777 G. 51817777·
7, 453 77177 6, 245. 7717177 12, Μ tes 3, 2707 unu 3317. u·
7771777171. gen. 12, 170 summe defun 11,785 pite affl, 21⁹. 7717717εὲ7
‘ sulcant 77717 7771771 5, 158 7777177175 1, 656. 17711 2, 77715775, 71357777177777
7717717771777717410, 197 302. 4, 180. 3, 25. cul-inis 8, 96. som 9, 3141777 12,
77171 G. 1, 210 2, 458. 01777771 7, 563. 150- 676
771717 E. 5, 35. G. 1, 134. 223. 7771712381 superum 7717 5637171777
2, 24 7777771777ρί57 (1.2,1877777 no 2311. sord 822
77177 1, 45. 58. 2, 289. 51. 1, 771577 3370177177 5127150. 7777777157577777777171.
425844 . montibus 7, 777. 10, 777. 7, 7. nm vim (7.7, 77
77177714. 4, 33. 0. 1,113. 2, 11, 837. viribus 5, QG. 9, 17771777 ’.1177771 Β 1, 141Χ

 

