oenones. 7

eleanan, 18 66766767 6777 ebt. 76666 advolvere 76677 ulmos u. 3,
adapertus 661676 67. 8,406 advehitur ’7766767 8, 136 378
6666666666676666773. advelat 76766676 76676 6, 846 666767 skipe egres G. 1,83
437 advene ne, 8. AE. 4,687. 7, 666777 ,8, 116887. 361.
666766 liba 777777. 7, 708 38. 70, 466. 616 404. 764. 3, 88. 6, 84
ederet 66767667 G. 1, 348. au· 667666777 urbem 1, 888 adyto 6, 88. 7, 868
6667666617 AE. 7,48 66766767 7, 866Ι AEaeidee gen. 7, 88. 8, 886.
edero 76776777 16, 677 66766767 tempus 70, 71 6, 68
666776 netes, 7, 386 advenisse 67676 7, 146. virosi, AEueiden 6, 838
666777 deducere, 776. 6, 387 768 7777676 077667 3, 886
Adrasti 6, 480 advenit Camilla 7, 8036767 67667 plur. 2, 487. 78, 473. 607
adscite 766767 78, 36 17, 687 6676777 G. 2, 468. 4, 868. AE.
7677667676 78, 884 adventabant snb finem 6, 383 8, 678. 8, 468. 18, 83
667777 (7.4, 18. AE. 6, 70. 70, adventante 7167 6, 868 edificant equum 8, 16
774 adventantibus 66777 (1.4, 188 AEgaeoalto 78366. Neptuno
adsis 76, 866. 467. adsis o, G. adventet 66 urbem 17, 674 3, 74
7, 18. AE. 4, 678. 8, 6676677776 virum AE. 7, 68 AEgaean10,bbb
78 6676676 7,344 nagor Ε. 1, 73. AE. 76, 837.
adsit Ε. 8, 68. 4, 66. 677734. 66766167 sing. 77, 607 teget· anhelitus 6, 438. 8,
3,776.6,864 adventum 6, 36. 8, 861 · 874.667777,808
76667667766777667618,136 adversa nom. sam. 1, 103. 6, aegida ece. 8, 364. 436
adspice Ε. 8, 66. 4, 60. 68. 6, 668. 8, 883. 374. 17, 778. 78, AEgyptie eonjnn 8, 688.
e. 7, 767. 7, ee, (7.6, nee, 6677777, 7667777766. AEgyptum 6. 4, 777. nt. a,
7. nu. 7, eea. 676. 6, 664. 76, sue. 7777. 7, ne. 76, un eeu

686. 6, 777. 788. 886. 836. 6676776 667.,8, 38 AEg ptus G. 4, 870. AE. 8, 706
8, 780. 886. 16, 487. 77,374 6676777767 10, 688 AEgde Ε. 6, 80. 81
67676676 18, 761 66767767 1, 486 AEgon 3. 3, 8. 6, 78
6767667678, 660 adversata 4, 187 AEgonis 8. 3,8
6761667667 78, 648 adversi gen. 6, 477. 604. 8, egri 7776776 G. 8, 678. tegre
6761676777 8, 786 688. 11, 667. 78, 307. 6767. 6676676 AE. 2, 666. 3, 140.
6767676667 7, 878 8, 416. 11, 606 66666 6, 468
67676767 8, 686. 8, 473. 6, 66767777 G. 8, 686. AE. 3, 887. tegnam 7, 367. 4, 86. 6, 667.
777, 377. 77, ee 6, eat 76, ete
7776767678, 678 eduense G. 780767. 8, 787. aegre G. 3, 634
6767616767 8, 886 4, 761. 6, 88. 6, 878. 478. egrescit violentie Turul Δ.
depicto 6. 7, e. 67, aee. 677. ene. 7, 747. ssa. 76, inae
77487 734. 78, 1. 887. 370. 446. tegni 61777. 18. 970
6767677 4, 2oe 960, aegris G. 4, 864 mortalibus G.
6767617 4, 878. 7, 761. 8, 868. 66767767 Ε. to, 46, AE. 6, 766. 1, 837. AE. 8, 868. 76, 874.
70, 788. 18668 8,767.70,478.17,888. 18, insen
7767676676. 4, 666. AE. 4, 664 866. 466. 467 {egres sues G. 3, 486
77677667 1,(794. 6, 764 6676776766684. 8, 68. 71,370. segnem 66767676 G. 4, 464. 76-
77677667 7, 8 ’ ute, 76 adversum nitens 8, 67777771. 70, 866

1761767 8, 386. 6, 607. 8,373. 837. 76 adversum 766777 8, AEmonides AE. 76, 637
78, 868 . 817 emula Pristis 6, 187. 7677667777

77777987 777 :iniat ¹122th 7 77778887 ’¹³²⁸'¹⁰²
Ι .

77666616, ⁴7ss 12, 83 adverteretpegmen 6767 td, 666 {emulus 6, 773

snas 2, 388 ’ advertit 676777 70, 883. 666- 77766678666686666786667,
stant 1, 768. 8, 677. 18, 133 6767 6, 416 passim, 766 nulla 7777667677
stantem 70,886 7767677776 animisque 6766768, aenne

tantumn 718. melis 667666 4, 671. 78666666668663
«natibus G. 8,646 mentes 6, 864. meatem AEneadee 6767. 1, 167. 7, 884.
aare 6. 6, 766, 766 auem 777. s, 777. 7, een. 766.
,tat 7, 72 advertitis equoeeeursnmdit, 786. 78, 18. 786. 778
6777868783. 7,387.3, 786 AEneades 666. 3, 78. 6, loe. 8,
84. 4, 708. 6, 70 advertunt 676767 8, 761 341

nm AE. 7, 686. 7, 464. 8, advertuntur 6767776 nannet 67666677 7767. 7, 616

27 adulter 10, 88, 11, 868 ,nuendum gen. 1,666. 8, 780.
umus 5, 67 adulterium 6, 678 10, 780. 77, 603

67 8, πο. 3, 886. 7, 606. 66771767 statue G. 4, 768 AE. 1, Ε6676776777.]“6777.7,7.70,166
l, 676. 76, 666 431 „cuneus

quesn: jffcufiluffi,ffl fldsvgcussl, guz} 07777171 8,950. ἓξὲἰοίῙίοθδὰἐΞΜΞ
{dddafffeds 6676767 76466 886. AEaeae AEoliesu 7,68.8,416

ectum 8, 77 6677767 666167677. 776717 767· AEuiideu 6, 764. 8, 774
66767 ln 6766 8, 1oe 77667 Messapus 78, 893 16677667 a, m

 

