i

· OF WORDS. 8

ι11111’1111111111111111111111.8,276 8, 466. 621. 688. 12, 884. 8, 441
accucurri murinis 11116111 469 1611161666111 12, 102
1111111111. 10, 836 · 611111111666111 6. 1. 9 acrior G. 3, 164. 11). 6, 216.
1116171111ῐηί 7, 729 61166161611 AE. 3, 614. 691 464. 9, 416. curu (1. 3, 638.
11661111111111116116119,449 Acheronta 111. 7, 91812 11611611116111 1, 93
1166101111 Nilum G. 4, 288. 6611166116,99.6,107.7,669 11111 cqui AE. 1, 444. 0166111
11611161υά6 11111111 11111118. Acherontis G. 2, 422. AE. 6, 1, 220
11, 682 296 Acrisioneis colonis 7, 410
succussu 111111 susem 2, 6111111111 stirpis 3, 326 Acrisius 7, 372
393 . Achillem 1, 468. 9, 742. 11, 1611111113.4,248.111.9,791
accubui ,11111 Furia 6, 606 438 66166 10, 710. 730.
1611111661111111111111.3,384 661111111 111116. 61. 1, 468. 1111 arundo [1116161161 7,498.
111161111111111111,79 484. 762. 2, 29. 197. 640. 11111161 modo 1616111111 9,
6661116611111161611- 6, 89. 161. 11461. 12, 646. 766. 111111 uer 111161, 116. ·
1161116886 611111113.3,91.61.1,30.476. 11,6·16. 804. 1111161111616
accurramus . 3, 87. 6, 840. 10681. 10, 63. nox 116111 3, 612.
scer G. 2, 406. 3, 346. 661. Achillis 2, 276. 476. 12, 362 1111111161 11161161 9, 16611111
6. 6, 264. 402. 607. 7, 678. 6111116111. 2, 46 venis omuibus G. 3, 483.
8, 342. 9, 171. 779. 10, 308. Achivis 1, 242. 488. 2, 60. 6, scii testudine AE. 2, 441. 9,
677. 897. 11, 618. 612. 869. 837. 10, 89 606
12,(149. 661. 783. 938. bei- 66111161 2, 102. 6, 497 11111 111111. 6, 613
111 10, 411. equo 6, 603. Achivum gsn. 2, 318. 11, 266 116111 1116116161. 6, 669
16111117. 3, 8. 1111111111. 1, 611111166111111,720 , 611116 Ε. 2, 21
362. 3, 682 1611111 1611111 G. 3, 380 1111161 11111616 Aquilonibus 16
acerba 11161. sitm. G. 3, 419. 1611 scricis 2, 366. 6111111111 6.. 11116166.. 1,391.11161611111-
1161. 16.. 10, 904. 12, 601)ι 6, 200. exercitu 7, 674. 10, 11619, 18. 10, 38
1611111 11111161 12, 398. tusus 17611440498. 12, 306. ’11111 ud 110111 pinus 11, 136
9, 784. suum G. 3, 149 812 1111161616146[166111111311116
11111111 6116661 AE. 11, 407 11111116166116,291.11111 11, 616. 111111. ucri 1116111111,
1611616611116111 111 12, 678 862. 6111611111 4, 643. 7, 390. 116161111101117, 1991111111,
curbis 11111116,461.11111 11, 11111111117,631.673.8,661. 82. prodigiis 6, 379. vento,
687 9, 42. 469. 613. 696. 10, 309. nauibus 1, 333

cerco 66111 6, 700. sunere 6, 636. 11, 446. 12, 662 66111 1116111111. 3,.28011111118,
42911, 88 1111111111 1112, 833. obtusa 676.
>2 1616111116, 6, 49. vulnus stellis 11. 1, 396. 7111611111 661111 Orithyia G. 4, 463
11, 323 iguis AE. 10, 408. geminas, 111111 Circensibus AE. 8, 636.
’ ruis trabibus 2, 112. 9, 87 11111610, 788. 12668. 111- 1610116610.1,413.16611111111
1εὲ sulio 8, 178 11111111, ring. 6,)663. 18, ὃῦἒ. fi). 643793. 1111111111 6, 236.
iimmffsf'sifsmuc 116. 11111·1,“1’6.1”1’11.”1.1; 1611181161) 1, ros
icccc 41611616111111, 111119,166.11,16
1611111 11. 2, 226 42. 296. 426. 623. 643. 606. 6616111 12, 94
cervis 1, 263 703. 796. 8, 640. 9, 27. 660. 11161 casibus 1, 240. fiuctibus
111116 111. 11, 786 639. 10, 360. 364. 643, 643. 7,213.11111111111111161117,42

111161 66111311611110646. 601. 11, 618. 632. 803. 12, 1111 12, 637

Rutulorum 10, 509. 161116- 137, 224. 227. 369. 648. 617. scium imbrum coeio G. 2, 334.
mus 8, 662. cingis ’1111116- 731. 861. 876 genus 61111161 Latinos 6.
rum 11, 384 aclydes 7, 730 12, 630, 1111111 omnibus im-
6111611666111111. 661666 10, 128 pensurum?
1111116166. 1, 186111. 6611111111. 11,30.86 scius cismoribus 2, 128. 11·
4, 402. stragis 6, 604 1166111 G. 2, 162 roribus 6, 632. 1111161616111

1111113666, 106. 673. 9, 6166111111 AE. 11,612. 616 6111117,223.111116111111167, ,

218. 286. 1161. 6, 771 111116111111116114,176 380. 16 orbem (1.2, 401.

cerium 6, 718 Acragas JE. 3, 703. morsu cunum 111 missilibus
cesten 1, 668. 670. 6, 30. 1611133111 luporum (1.3,264 66116.10,708.1111111111111-

6316407411 11 2,167. 11613703.

cesis· 1, 196. 660. 6, 36. 61. 111111 cursibus equum 3, 119. 1611111161 9, 266

Ι. 73. 387. 418. 461. 498. Molossum 3, 406. Turnum 16110682. 11, 777

619. 680, 711. 749. 767 AE. 8, 614 1611161 serrum 111 116 8, 386
1111111 sm. 6, 62311111. 2, acres apros Ε. 10, 66. 1116111 111. 1611611116111661116 G. 1, 128
462 7,164.9,666.11111618, 3. 11111111616111111.7,406

1111111316,1,120. 10344 1111611619,718.111·ο111,48. 1161111111116611111117,330. ¹

111111 sos. 1, 469. 111. 1, 1616161118οΟ Marcomannicum

310. 698. 1111116611 12, 392. (161611 7, 1611111111 8,233.6111118.3, ,

haren 1, 644. 10, 338 291. 11, 709. 1111164, 166. 231. cuspide AE. 6, 208
„hstes 1,174. 188. 613679. fugi G. 3, 1411161116. 1611111 1166111346. 10, 860.
681. 666. 3, 683. 6, 34. 168. 6, 116. Lycurgo 3, 141116 spinis 11. 6, 39

 

