vuumus ιυ,1111·.1 11111111
1111111111 os G. 3, 451 11111111
ulcisci patriam AE. ‘.‘, 57ss 1111
1111111111111 umbras sociorum 11111111
311111 11111111
uligine G. 2, 134 11111111
111111, 111111,111111111, ulli, 111111, 11111111
1111111, passim. 47
ullas 11111 1313111114, ulula
4311 13)·11
11111111 11, 354 43
11110 G. 2, 11111. 111.11,377.11,91 111 'a
1111111 3, 323 16.
1111111 G. 1, 51111 11111
11111112,Μὸ 1111111
11111111 1, 2. 2, 18. 7⁸2. 33 1111111
ulmo E. 1,ὀ11. 110. 13, 67. 1111111
11. 2, 530 mub·
1111111115, 3. G. 2, 221. 3111. 1111111
11117. 3, 378. 4, 144 ’ῖῠ
ulmus 1, 1711. ,11, 11, ‘28³ 41
ulnas B. 3, 1115. G. 3, 3115 ’17
111111 virum ,11, 1, 3711 unuh
111111111111 ripn· 1111111111 11, 314 10
1111111111 12, 81111. 9311 3,
11111111111111111. Ι111111. 11111 Ε. 4, 111
4. pars 111111 4, 33. Thule 34
11. 1, 311. 1111 111. 3, 111111. fil
’1’1111111113,3ἰ14, 111111. plur. 1111111
111·111111112,4111.]11111 4, 537. 41
1111111111 11, 21³. sinuant ὃ, unuh
317. 1111111111 11, 34711111 11, 31
4711. Bactra 8, 11117 47
111111111111111111 G. 3, 424. 11111 72³
AE. 11, 2411. 117511. AEthio- 11
111111111111 est 4, 481. 11111- 1111111
111111111ςυί1111 7, 411. labor A
11,-111 1,
1111111 4,(125. 3,201. 1113114. 11,
m

11 ‘mn

 

