31 nenos. ’331

3 7, 801). 1111313 8, 83 gere perori 3, 419 vites G. 4, 224. AE. 6, 292133
3 Mincius Ε. 7, 1231113· 113 rere. Ε. 3, 28. AE. 6, 817 vitavisse 333 1313 1131111332,
7, 46. elnon 10, 74. se· 113 nemen G. 1, 198. 4, 37. AE. 433
:tus [Ε. 5, 304. gen. Ly· 6, 553. 7, 432. 10, 857. 893. 1113 Ε. 10, 40. G. 4, 259
1114, 530 11,148. 12, 150. 203. 333 11133 mutasset
ssime gramine ripn 3, 3311333133133111,529 111331 1, 284 2, 273. 288.
1 1113 cnm est expresso 331 135- 407
monimum curamque Ε. 31111113 sing. seem. G. 3, 510. vites 113111. E. 9, 42. G. 2, 91.
111 AE. 1, 320. 2, 773. 3, 205. 97. 415. ece. Ε. 1, 74. 3, ll.
133131333342 ’ 4, 287. 557. 5, elo. 722. G. 1,2.2,191. 299. 4, :stt
. 13113750 708 6, 871. 7, 73. 406. 12, 11111,265
1. Ε. 3, 7. G. 1,313. 147. nent. plur. G. 1, 478. 11111103 Ε. 5, 32. G. 2, 221.
1, 01. 264 517. 5, 201. 1Ε. 3, 90. 4, 451. 8, 525 233. 397. 410
en. 10, 610. nbi. 1, 440. visor 33333 3131113 per um· 11113 13311333 31111 neris 1131113
. 7, 644. 9, 509. 11, 6131311257 Ε. 7, 57
viscere G 3, 550. 4, 302 555. vitiose ilicis G. 2, 453
n. 3, sn. 11. 3,113. 5, m. 1, en. 3313. 3,133. vnn 3. 3,13. 3, 33. 3, ne. 1,
.333.3,333.333.1,133. 3, ono. 333. 7, 311. 3, 133. 31113333
3. 441. 10, 82. 592. 11, eet vitisator peter 83111333 AE. 7,
. 12, 319. 425 1133311333 3, 522. 10, 727 179
nerito E. 8, 32. AE. t, 11333111, 139. 4, 41 1111311111. 1, 88
,7, 53. 268 niseum AE. 6, 205 1113 [13113313513367
11 10, 361. 734 visendo 3111313113 G. 4, 309 vitrea 1111111 Fucinus 7, 758
13 3, 102. 8, 356 11333513131113 AE. 2, 63 1111313 sedilibus G. 4, 359
1. 2, 265. 4, 223. AE. 1, visentem 131338, 157 11113 Ε. 8, 64. G. 3, 487. AE.
506. 542. 2,158. 452. 1131 Penates 31131313 3, 150 4, 637. 6, 6115. 7, 418. 8,
3, 8. 5, 177. 11, 74. 165. 11313 talibus attonitus 3, 172 128 11), 538
335. 615. 814. sent, 1133 Tyrrheni sangnine 10, 111133 2, 133. 156. 7, 352
296. 653. 8, 175. 434. 9, 787 111133 2, 188. 221. 296. 3, ste.
193. 318. 451. 462. 692. visu rupinum 1, 111. 3, 521. 7, 237. 403
10, 119. 305. 11, 48. 6, 277. 7, 78. 8, 234. 9, 465. vittis 3, 64. 81. 5, 366. 6,
31.13,333.133.333 331.13,331.13,333 331
331131337331313111111 risu 33113112, 212. 382. 5, vitulo E. 3, 77. 109. G, 4,
,58 90. 0, 710. 8, 109. 10, 447. 546
Ε.4,27. AE. 2, 357. 390. 11, 271 11131131 Ε. 3, 29. 48. 85
5, 344. 353. 455. 754. visum est 113 Neptuno G. 4, 1111113311. 2, 1953, 157. 154.
10. 8, 131. 500. 9, 741. 394. 1113 311131 AE. 2, 428. 4, 434. AE. 5, tte
10, 410. 712. 872. 11, mihi 1113111 considere in 1111111130.4,299
386. 444. 12, 714 113332,624.33[1311331311313 1113 nent. ptnr. 3131131132,
5, 258. 7, 257. 8, 548. entem 113. 3, 2. 533 33111 2713130313 3, 449. 131313
41. 11, 441. 12, 90. ,1501311313113 prist 3113134,226.33111313Ε11,
tempore 5, 439. 331 hond 391
11 3, 342. 5, 805. 9, 13313109,375 1111313 33111 Ε. 7, 30. 311113
10, 308. 12, 435 visuro 1331133333333 abies G. G. 2, 181
1 1, 505 2, 58 vivendi votupns ,41. 10, 846
rus Ε. 4, 17 visuri AEnendns AE. 5, 108 vivendo 1131 men 1313 11, 160
AE. 10, 450. 752, 11, 1133133,311133133 eum 1113 8, vivens morte 131 10, 849
15. 12, 225 576 virentes 10, 519
Ε.4,37.Λ·1.1,10. 151. visne 31111311.3112,271. 1182. 111313 1,218. 7, 7499, 613
31333133. 3313. 133. 3, 33. 3, m viveretne, 13
4. 415. 490. 863. 7, 69. 11333 nomen 2, 605. 3, 35. 4, 1111 ρ31131111111139,211303
4. 9, 527. 10, 544. 11, 277 0. 2, 469
632. 645. 747. 12, 482. 1113 G. 2, 467. 3, 10. 4, 252. 1111031111113113113 AE. 6, 754.
tnnt 2, 744. 4, 556 AE. 4, 705. 5, 724. bis 5, bello (131113 10, 509
ro 1113111111 G. 2, 142. 608. 061. 735. 10, 029. 819. vividus Umber 12, 753
331330333331. 11,sst.m,eso renuerent
13· 11111111· 11133113 11· ”1.“1’.ἒῗ.1.-111141· n,
. , . , . , . .. . . . . ..
nnn. nn. 133131. 13311133 ’ ' 1131 inum regni. 3. s,
7, 535. 8,113. 197. 9, 1113133 311133 1, 388 454. snb 331313 1311111331.
171. 479. 777. 10, 312. vitem Ε. 4, 15. G. 2, 532. 538. 4, 57. sug robore stopo 5,
11, 192. 2115. 1107. 12, 3547162911. 145. 532. 691
nnn. 041. 11315. 646. 4, 3411. 111113 311113 Ε. 8, 58. felices
'ir 11, 632 550. 5, 230. 517. 0, 553. 7, AE. 3, 493
3133130111110 serpenti· 534. 8, 409. 577. 9, 407. 687. 1113 verb. 8, 576. 10, 855
t. 1,129.131113131113111- 704. 10119. 11, 118. 617. 1113 11311133 sexo 1, 167. 3,
1 inguine 3, 281. esper- 12, 879 688. nmero 1,721. (tom
26

 

