07¹ 17011118. 121

1151111, 544 15511558, 381. nd 5115 51115151 5165159 473
5111 1111111158, 3, 16. 155115 3515511, 7, 765. 551161 5553 685. equs 7, 730

10, 53. 6551551556, 3, 56. 5155513,54 5115511, 715. 5115151613, 717

1115513, 183 15165113 368 5165111793 pavidos 5511613. 3, 73. AE.

5111151311131951511155 511111 111 G. 1, 498. AE. 2, 763. 5, 575. ng 1511558, 343

3, 538. ,51111157, ,.8117 13, 571, 9, 347 Μ11115 11, 374 55116551 55 865511 11, 406

7515115511 111 8651111151 511111511115565194,17.511· 5111151558.10,13
5111511551 1614755111· 5115165163394 1115113, 5111115561, 3, 107
5511115116151115511513, 346 Ε.. 3, 696 6516511, 555115515516, 498 11, 313
79 5311.15551114,603.11117,5451111518.4,38.6,36.(1.Ι,

511111555511165111511651551 339. 1111511157,651 arvis 134. 6316711. 5736, 3,
8,677 7,735. 1615116559, 674. 155- 6311. 5,359 7, 539 3,335.

1111151 551555 11115155151115758 oris 111, 198. 11, 3, 789, 11, 833

9111 1165111513, 13 369. 381. 1515511155 11, 5551155516, 846

miens 5551515 Ι75155155 G. 882 55515 515 515 5551515111 4,1
3, 473. 1115 55 1155565511115 limine 3, 530 5153, 5151115161, 3, 597. 4, 549
76639655511551 365161 668. 1531156349, 1551116 pavor G. 1, 331 3,1116 111.
151115, 7751115551 7, 496 3,· 397. 135157, 359. 111115 3, 229. 369. 3,57. 5,
6111ΓιΙῑιΙ 9 6⁰⁷ pericli lo 511566116661110111118 56111155 5161111· 1513, 37 51511513,

1115111551 vomens 11115156 G. 1,.52 Arg 55 AE. 2,95. 1055 mus 19 519

3333 155155637911511513639 5555515355115153 61615154

111115 1151555515 51155551 75511553, 717 5,811

7311651515. 7,431 511111 G. 9, 67. AE 1, 565. 3, 5155511555, 437

56415 inultm samum 11, 663. 4, 338. 361. 497· 5, 31. 5555511515551111. 1,.59 65111

847 337. 863. 6, 116. 7, 163, 8, 7, 34, 1111511118. 8, 360

115151 655151 1151155 114, 5655624611. 534. 638. 11, pagg· 151111 61551 G. 3,
111551 uisque 5551151551 511151555155151,16.15- 55555586 146

51117 norem AE. 5,.601 1111518, 55555111515116, 33

11151 G. 3, 313. 3, 316. AE. 681. 1511555515 13, 334 5555154158 7, 673

7, 795. 13, 486 1515555511, 543 pecori E. 3, 5. 33. 101. 5, 50.
155151565115 515111151115 9111556, 393 7 47. 3, 15. G. 1, 4. 963.
...111, 555 51555351 4141161. 411. 3115155

15515561551,1 611, 341 5511111511.3,609.3,138,133. 165. 159. 336. 419.4,139.
15 ,56511516 bret-110, 365. 11, 177 311, 1, 95 641. 3, 716. 403111. 12, 719
5,.,3413698.1038311, 55551118. 1, 613 ,2.,03101.
...15Ψ415551111 115551 1,.,’44ι5ι1.5’1,5·.’>1.1,
66 734. 747. 3, 36, 4, 5115111 5551 domus 58155- 76. AE. 8, 561
55 1515158, 343 pecorum G'. 3, 617. 3, 654. 4,
*es G. 3, 473. AE. 1, 73, 51155155151551 13, 710 659
79 4, 683. 7, 176, 372. 551511 dea vera incessu 1, 55515611151515 5111551 AE. 7,
.7, 8132. 9, 19311, 496 489
’,4 5115115 sagi E. 1, 1. G. 4, 55511556, 1 394. AE. 6,,647
13,674.,4,586693.,6 666 7,14
’19 7, 383. 9, 313. 111, 535, 511511555116511, 376 55551· 55515113.1,430..8.1,153.
773 655 3, 363, 15115111 AE. 7, 197. 355. 481. 557, 3300,
1111. 11), 46. AE 1,357.540.115 3116, 349. 3,611 4, 413, 673,
341. 3, 1735. 4 ,3476336 paucavestlziasrnudisE531. 5,..7815 7, 349, 618. 8, 29.
3 7,1..1 3911. 8, 333. 111, 55151515 111 3.“ jugera 15115 161, 357. 9,.366 433, 643.
75ζ7 77 797, 13, 44Λ1316 (1419755115ι515711381310,161, 671. 11, 86. 316.
3, 491. ex 1111151 3, 513. 1161555111555115553, 377. 367 453. 616. 877.13,36.
τ.. 65118. 551157, 1991115 1515114, 333, 8, 154. 19, 17. 217. 641, 871
374 515151555114, 337 pectore 8, 1, 54. G. 3, 373.
5138311583,515511,.,.5386139744 435,4,33.8,1,,.3544.337
1, 391. 673 3, 10, 6, 634. 515515151151113, 196. 5515115· 371. 485. 531. 557, 717.,3
13. 833 8,611,3,785, (51018651155115855565 167. 388. 474. 3,945, 436.
59. 863 11, 359. 634. 893. 4, 116 8,.60 reddidit 15· 4,4.11,67. 4486181653
111 3, 534. 1511551633. 55551556673111553551151 553589. 6183. 353. 409.
1151159394. 16834115· 1616.1511555551116515,115· 434.483,668.579.7111,730.
10 3775511115 11, 345 5511516315. 1811511511· 5657686101351. 600.
m Β. 1,4. G‘i 1,3116.,3 tam 13, 71 7,*364.393.365,393.8,“437,
,. 3, 111. 1314 ,165Ι 390. 5115555155 5115113, 515 61113376. 335. 347. 414.
1, 51. 380. 3,137. 676. 551115 regem 51511 (1.4, 718.740.16,313.337.556.
31.660.7,183.10,4311. 163 8381646. 368, 377. 409.
127 249 51111115 5111111118. 3, 489. 766. 533. 685. 846. 13,331. 888,
ι Mycenas 3, 130, 577. 8, 693 914950

 

