01³ 77077170. 160 “

7570777710000 77777777 nom. soem. Lun· 0, 7777777 7777771089

»gis 0. 4, 477. AE. 6, 000 337. 1777 7777777 77777777 AE. rubro 7777777770.3,060.1177777

73777777 multa super Primo ἶ, 700. 77777. 717737 7777177 5856?oe ¹

770777577717777777177777 70, 71774777727717717077,00οΜ :aditu 77771777 17777777 70. 9,

030 77777 soem. 707. 7777777 l, 400. 743

7ᾗὲ37777777777 777777 7777 8, 312!- plur. 77777 7717777 7, rudentum& 7777778777 ᾗ, 007. 777-
· · 77 7 acum

>gos 4, 040. 11, 109 777777 genu 10, 606 7767777777 77771777 0. 0, 374

>gum 4, 040 777777 Aurora quadrigis 0, 606. rudentes 1777777 AE 3, 067. 77-

7777 4, 670 Aurum 7777717 7, 00 7777777 0080. aptant 0, 700.

77777 0. 0, 034. AE. 0, 001. 6, 77777 777 2, 603. 9, 6 7777777777 77777 10, 009

700. 7, 603. 709 7777777 Ε. 0, 77 7767770777 7777677 7, 07

777777 1,7 10, 168 77777777 0177717777 AE. 71, 013 77677707177777777,10

&affl 170· ²⁷· ⁰· ¹’ 077οΞ7ἒῖ7· 77377. 77777777 73007

77777777 7777777. [77777. 771177 7777777 0. 010770. 4', 74. AE. 0, 7777777777 ΡιιιιιυωΙῖιεωΕΛ,

4, 070. propago 6, 070. 10, 143. 002. 0, 600. 0, 119. 10, 00177 arturum-18. in 07117

007. [77777777 8, 09. 777777. 090 9, 180. 77777777 victique 10,

777777,Ι 77177177 0. 1, 490. per 7777770, 707. 6, 007. 10, 107. 760. 7777777 777717777 11,

, .

31¹›g1d22,17⁶.moemaffl.8, 7771771017ᾳ4ῦ, 484. AE. 5,074. 10, 7777273777 77777 77 1771177 7, 780.

77777777 gen. 77777 0, 013. 370 7777777777717777 77771777

7717777 10, 106. plur. 7770. totu 0. 0, 170 6777100077

0, 498 777777 3, 00. 184. AE. 0, 748 777777 Nilus G. 4,000

7777777777 gentem AE. l, 33. 77777717 77777 70360 ruentem 77777777 AE. 10,000.

7777 0, 007 77777777 0, 030. 6, 016 7717777 10, 080. dominum 17,

77777777 77177 0. 1, 400. 77· 77777 0400. 9, 378. 11, 196. 800. per 7717 10, 0710

777 AE. 4, 034 10, 076 77777777 Danaos 76 77777 0,

mama} Μ 077077777737077 0770000000

me ¹ . . . . . 7

omani 77ςί7 0010 1, 147Ῐ 70, 004. 10, 77. 77777711710,636’

77777777 77777777 0. 0, 770. AE. 671 77777077 777 777777 11, 800

19, 70 77777777 777 media 77777 0, 003 77777 77 pejus 77777777 77777 0.

οεωὲἓῗ nomine 8, 338. 7777 mgni 777 7737771777777 77, 401 1,00077777777777 mm.

7777777777 triumpho· 0, 000 κδὲιηῖᾭῐῖοῶἓῗξδυε 77777 7371737070. ω pom

77777777 1, 004. 077. 000. 0300 ruet 7777171777 10 404

6, 700. triumphos 0. 0, 7717777777 ,477777 3777777777777- Rufras 777777. propr’. oppidi 7,

148 77 77777 001 ,77 700

7777777777777777777717777 ruben· nom. Ι777777. 7777 E. 4, mgis antobsooennmsrontm

3, 140 09. 7777777 7717 7777777 0. l, ,417
7777777773, 046. 777777 AE. 0, 2³4. 77777. 77776 0777777- 777777 3, 414. 10808. 77777 1,
449 777777 E. 3, 03. vesper G. 1, 100. rerum 11, 310. 7771777·
777717 771177 6, 876 061 70, 610
77777777 0. 1, 408 7777777 7777777 1777777 0, 430Ι 7777777777 0, 070. 400. 631. 8,
77777777 culmo Ε, 8, 654 7717777777 minio E. 10,07. 777· 190. 0, 710 11, 010
77717677 0, 688 7777 0. 4, 180 7777777 0. 4, 0471. AE. 1, 000
77777177 1, 070. 0, 778. 8, 7777777777 77777777 4, 47. 7717777 777777 1, 047. 3, 476. 071
740 771. 9, 070 7777, qut) 7777 0, 009. 0, 741.
707777 77777777 vepres 8, 77177777 77770 77777177 Ε. 4, 10, 071
046 40 7717 77777177 7777777 0. 1, 105.
’77777 sanguiue 7777777 11,0 rubescebat 7777777 AE 0, 001. imbriferum 7777 1, 313. 777-
77777 77777 0, 067 777777 7, 00 67777 7771777 1, 304. 7777777
7 Ε, 0, 77. AE. 0, 000. Le· rubescere 777777 0. 0, 04 76 7771777 nubem ignit 0
heo madentem 77777777 0, 7777777777 7777 7767 AE. 0, 300. equore 7777777 0, 4777
774 090. cum 71777777 4, 4307777777-
em 0. 4, 10, 431. 7717777777 rubet vento Phoebo 0. 1, 430 777 ’17777777 visendi studio
7, 013 7717777767 Ceres 7, 097 AE. 0, 64. 7 culmine Trojn 0,
777777776777177777777771,380. rubigine 1, 496. 0, 000 000. urbs antiqua 0, 003.
urz-guinem AE. 10, 330 rubigo 1, 157 . 771 3, 000. 76 portu· 3, 070.
b. 8, 76. 0. 2, 000. 3, 77177701 10,00 (770 7777 4, 400. per 7777717777
00 7777077777 0. 7, 430 4, 074. imber 77717777 0, 096.
7170. 10,,09 rubores 3, 307 7777177777 pastorum 7777777·
77] 0. 4, 134 7777777 3, 070 7777 7, 073. 777777 medios Ni·
777774,110 rubri 7707. 777770 AE. 9, 50. 777 777 0, 430. 177777 0, 474. 76

77 4, 0077 7771777 10, 047 ponam 9, 006. 7777777777 10,

 

