68 18011118.

18668833ω ῦ’16637110886846 6665442363 669.,ι4 47

6,633756,,1788,8,.158 891.11,.,151645763

8163818164. 416, 743 411, 596

16,,846 486. 536. 547, 11, 6010185186) 83 4

1811138 1,8574 663. 5, 668. 6, 464

11116.,4881,,,18“.3693 486.16,,6411,153

101118.. 6, 66 146

1011151446. 187, 6, 848 6010181585 1,85. 5, 5,

1110018, 338 18, 886

.1111,8,.38 39, G. 4499. 60101119, 816 18, 945

61,1,468.7363,858318.6010101516,863

115.3118,,79.45 79656659 6010164346ὛῶΙῶ

11648194674776155 68,858,4,896.563.6

131.1177.,658ὥ,.366615,9, 567,11,764

14 16, 776. 867. 888 11, 60101111 1101110 6010181, ¹

161. 565. 766, 858. 18, 866. 6010116, 8, 499

61, 786 60101118. 5, 61 6,.8318 ,

111111, 533. 3,166 566

18, 838 601018, 386

18161, 338. 11816, 169 60108560 mulii mercede ¹

18111 018 fortuna 601018 4111181 G. 8, 68

iii domandi gorumi. 3, 164

05018011οε01 81 11110116 domandum, 01118 6011111161

144610108101111816759. 0111000011 61011110131

00011 0618110 docebo 4, 6015110116. 6, 86

16 8, 56, nmmos 1161115818 6001011110150010 G. 3,5

100850 11, 315 ’ 1011111181111151816,668

,1811ιῶ 500180 patriamque 6οίοὧ101011008· 15 5011016

0111101818, 111 601110.3,337,15

8111 1001810818 (1.8, 77 6011115016.8,143

811 118 quare AE. 6, 614 dominu 18, 11, 868

iiii· 31311111 3113313611ξὲ ¹

01 01 0 0000111 1

1010161836 60101001 guen Deoe3, 113

1100051816, 868 dominatur “1101113,438,,

111115810061 Cymodocea 397 11,

6825 6001158540161 15415 01 1

0110800118ιο G. 3,116. 11100161, 8, 687

n 110518139810015,60510510181687,76
6001111810 urbs 1501101 11811

10118,,,5878,47..,1ΕΙ 11018363

41. 5, 5181. 765. 6, 565 60101111 811,18,473,534,1111

600116. l, 149 81346

60111801 10581011 181. 3466 6001101118. 18, 836

1100.8,14 6015100 9,338

ens 18, 1, 8 dominorum 6, 613

81116733 dominos 1010111 1101118001 ,

8016111 4, 393 838. ’885018116866

8184434 6001111510 AEnenm 4, 814. ,

111111, 8, 864, 8866 plur. 681

1. 4, 466. AE. 1, 136 domitant in pulvere 001101

1105101110 16, 666 163

111, 673, 8, 44 158 196. 6011111018 5011086 1, 886

11888, 396. 11, 583 18, 60151110 01501336

ii domitis 80011 3, 866

661100000511516011151111, 6001110 Olympo, AE. 8, 84

0121, ,684 834, 5,,348 11, ἀοὲιέοέιὲυῖἒιὲἕῐ6153661 i

011817, 664 domitrix equorum Epidnuw
1055 18, 347 G. 3, 44

10110518, 7, 89. 415, 785 6001111110 0011011551 0158151. i
0163168.457.,,,ὣ8584 114

1, 678 5 1786, 31 383 8 60511055001801118001111111
81.681.6,66.16,Ἢ8.567, 1114168

 

