,011 71011113. ι 66

6113,316.(1ο11116616613, 661161 6, 493. 1161616 7, 19,416. 693. 784. 866. 16
438. 11116467. 9, 904 pe· 416.111111111161118,667.66· unum 6116611161· 611116 G. 9,
lugi 3, 333. Lauso 311611 1616 1111166169,303 3611611111611116161111619,
11116 unt 10, 814. gemen- 61616 61111111 7, 131 131. montis 4, 361
1616 11, 366 6161616 classem 1, 39. agros 1661666166161611116666716-
1116663111. 11166111 G. 1, 3,141.1611119,116 1616111. 3,604
340. 161 616116 3, 493. exurite pup 16636 1161611111 11611 viro 8, 441
plur. 1161666 1,936 exuritur 166 61 ign& 6, 749 [1616611611 11680
11166116 sororem 13. 4,179. exussit puppes 6, 794 sanies 116111. sing. ὣ. 9, 601.
1661161 4, 436. vocem 4, 616111 palus G. 3. 439 3, 310. 407. 496. 6, 799. 6,
691. manum 7, 679. 61661111 exustas 6111161 AE. 10, 36 104. 676. 8, 194. plut G. 4,
11,696 6166161 ager G. 1, 107 96. AE. 9, 699. 6, 399. 7
111611 16 urbas 9, 10 exuta uuum pedem 16. 4, 613 399. 8, 998. 9, 1111.19,891Ῐ
iffi, 1“1·11’“’1..(ἱ 621111 31113111111113 ¹⁶³ ’63166163 Ξ· ⁶’
161, 111. 163461 ’ ’ exuvias 11. 1,61.’16. 1,*116. faciet 11. 1,44’. (1.1,16 in-
166661, 1141111166. 646. 4, 416. 611. 6, 661. 16, dicium 1, 146
16 6111 G. 9, 171 493. 11, 7. 790. 19, 946 11616111 61 11. 10, 79
16661666611611111661, exuviis 6. 1461. 61. 1, 4111 111166.4,461.6.11,111
649166 4, 1166111116 19. 1161166661166111. 1,40. 11111
6317. 01116667,913.16 1,199. AE 3, 699. pecori
aquom 19, 614 1¹⁸. 1611161 G. 9, 993. 1161616 9,
11616616, 196. 11761161 G. 460. 11616 gentem Ε. 1,
9,417.666111663,617.611161 6111111 fluvium AE. 7, 716 446. sugam 4, 430
6111616119996 Fabii 661. 6, 846 > 11611616166116966111-
tremum 111611. laborem Ε. 111111 vere 1111611. 1,916 161 juvenum G. 3, 161. Νι·
10, 1. sub 1111111616 brumae fabor 66161 11111 AE. 1, 961 11661 4, 636 666161 AE. 8,
6. 1, 911. 111111. munus 11. 11666116]616,611616116116 310
1, 60. AE. 4, 4991666616, muros 9, 46. 111111. 166611 116111 torno Ε. 3, 38. tramite
166. definere ignem 9, 369. 9, 146 AE. 6. 676
1111119434 fabricator doli 9, 964 1661111 labor G. 1, 79. 6161111
remus ultimus 3, 714. 4, Fabricium 6,844 l. 966. qums-entibus 1161111
113498· ⁶⁴⁴· ⁵⁷⁰· ¹¹’ 11ἷῖ11ιὲ733 ⁴¹⁶ 1331133613 '¹²'
aderat honorem G. 4, 393 1166 qui 1666616 6616661 4, 1111416161 6, 19616 3:33:-
6111611661 -1, 316 696. praegnans 7, 319. 10, tur ,1111111 6, 1461111616,
1161116 grossum Ε.. 9, 763. 704. vim 16116 10, 77 894
116161 16611161 3, 160 116661 9, 694. 6, 994. 607. 7, 1161111161 1611661 11, 761
116111 arpennum 1, 669 466 facimus 3, 189
32⁹³:1‘1’33ffl' ²³⁵⁷· '¹¹' {22:213’3'5 41 1 1⁴ 3ἓέ2 1331331”13“3·1”
111111 6116616661711164 11661661 AE. 9, 998 ’ 11611 9, 396. 6, ’73 61116161
1916161161616 1111611616, 11661610.4,604 E. 3, 36. 7, 93. jum 19. 1,
5 11661 Ε.9,99. G. 19119. AE. 309. dona 6, 966. vela 6,
1111611161 Ε. 1, 96. G. 9, 1, 160. 4, 667. 604. 6, 637. 931. 111 telum 7, 603
114369 1111111611 640. 661. 6, 693. 7, 337. 11611616661616 11649
6111 G. 1, 379. producit 9, 11, 143. 19, 673. 666 facito 111 memor AE. 19, 438
19. ensem ὦ 9, 663. 666- . 1166161161666611 G. 4, 648 11616111 G. 3, 136. AE. 3, 936.
1111 116611 9, 6331616 166666611611119.4,996.ρ16· 661
ndis 3, 916. 6111161 6, 494. cepta 9, 46 11611 111111. gesta Ε. 4, 96. 64.
111111 nd 16116 6, 497. 1661161116111661616116111 ex 8, 3. AE. 1, 641. 9, 648. 4,
61161116,444.1116166113- 11111111 Ε. 3, 77. 61 auro pug· 190. 696. 8, 963 433. 616.
16 6611169. os 8, 691. nam 1611166111 G. 3, 97 uno 10, 989. 369. 393. 791. 11,
dis 9, 317. 61 616 10, 616 Latinos 11111111 lingua 799
9.16116111,7’.16166- AE 19, 837 adjeci. nom. soem. 111 pul·
1146916 ponis 19, 441 faciant E. 3, 16 cherrima 116161 G. 9, 634.
’ 166161616116611116611611· 1116111 AE. 1,63. 9, 399. quid 11· potens promissi 1161 AE. 7,
1111, 183 6111116116 segetes G. 1,1. 641. via por hostes 9, 366.
111166611161611116116· 16 putentem ὣ. 1,76.111 661. paco 6, 637. nube 19,
111,191. amnis 1661611 1661611110376 964. 11161. silentiu 1, 730.
Ι ,7, 466 facibus 4, 479 9, 74 11, 941. arma 1111611161 1161-
ῗ61166611161616119, 11616,7,.19ὸ131;ἓ61.681ἑ1 9,419. ί,611111 11, 439 ιω·
61161611 AE. 4, 319. 661· 1116141143ιῖηὲ936Ι ’ 13613 me mo 'mm'
16490 1661616 G. 3, 63. AE. 1, 663. 11611 subse. 1, 364. 30116394
1161 11116166 (1. 9, 61 633. 6, 357. 619. 7, 416. 7,939.9,194.11,819.19,
16161111ιό, 1, 690. 11- 9, 734. 10, 934. 637. 699. 39966111136116111449·

 

