0111011118. ὕ
111111100101111139 Cydonia 1111111010 1161111111114.1,439.463,100-

9 cylindro all, 173 cimon 9, 941. vires 936.
1111119, 916 (311111111399 precepta 4, 393. his 110101
111 01011111 1101001 Cyneum M, 139 111.1,199.11111110111111,
m. n‘ng. 4, 361. Cyllenia [110111 1963 974. amplexus 1,637. 001·
111. 0111111 01111 AE. Cyllenius G. 1, 337. AE. 4, 969. 101 1001101101 3, 469. arma

976 9, 973. 6110110101 19, 699.
1131103664 cymba G. 4, 696. 2116393. 01111616111011011111110011
n 110001 0011013, 413 19,396.110010011111119,194.
cymbae G. 4, 195 10 bello 1101001010 dextera
1111179 010111111464 19, 437. 1111011 arboribus
1011136961. 9, 0111111 AE. 3, 66. 5, 967 111160 19, 463
11111 11.9,139.11- 1111011000 G. 4. 338. AE. 6, 41111010000101011101011101-
644011111ιί1 AE.3, 396 111 6, 316. 11011 opta· 7,
111101 6, 937 Cymodocea 19, 996 969. 111111 61111 19, 633. 101-
0111160011 ,11110 G. (1101011103 1, 144 10119, 669.ριη111111111111110
111011 AE. 3, 16. 993. Cynthi 1, 493. 4, 147 infinit. 7, 313. 9, 116
. cornu 7, 497. an· Cynthius E. 6, 3. (1. 3, 36 dabo 6, 396. equites 3, 619.
1,699 cyparissi 193639 poeula 9, 963. 1100 ego
101113, 49 0 [1111111111. 9, 34 11111 dabo 9, 393. 110111·
.Ι,31.9,939.6,993. yprum AE. 1, 699 Deosque 1919910131 19,
19,733.11,691.19, Cyrene G. 4, 391. 364. 376. 646
1 · 639 111110011εηί10 10111 11. 4,
,766.11,41 Cyrneas 111101 17. 9,39 636. 'un AE. 1,99311111
434 9711101113.1,630.19,61.34 9,39 ,1011101 4, 6970111·
,664 3,1. 6, 494. 0111011110111111. 4, 193. mia 91964
1, 1110. 1, 111010 011110.1,101
6,646. 6, 396 cytisi G. 9, 431 1101111111 [1111. 9110οΕ.7,939,
6439. 769. 6, 967. cytiso Ε. 9,31.19,31 111111.9.4,179
cytisum 1, 79. 9, 64. G. 3, 3114 1111111101 AE. 6, 14. 99
14166397. AE. 6, 61101001101111119.9,437 11111110 3, 793
1919166 11110110 E. 3, 93. G. 3,639
111. 3, 496. AE. 9, ’ 11110111 1, 31133, 4111
161 D. damnabis 10111 Ε. 6, 39
100003 913 61110111011011001001111136,
3,6. lb. 4,· 136. 6, DA 1100111111.1111110011 AE. 3, 439
619.9,643.01001·11 35. mihi 111100 laborem 6100110111011111191004,699
4. 110111 7, 34. gre· proprium 7, 331. vium 10110 1101110111 fl. 3, 163
36. ovium Pan G. 19, 491. facilem cursum 1111001111 9, 37. 39. 6, 79
furum utque 11011101 G. 1491011011110 9, 41. Damon 3, 93. 3, 16. 69
’ 4, 119. operum 4, auxilium AE.9‚691.dextmm 1111000113,17.3, 1.6
111011 4, 433. tempii 11110106379, 011111111111111110, 11110111 1111111 AE. 91461010
434. virginis Argus concede 6, 639. 9, 66. 9, 33. 3, 191
1011110100Ιεί11001111 19, 69. ΙΙ, 739. 19, 97. Dic. 111011, 7, 419
3, 979. 111111 T 111·- 11, 1,19 1111111 9,6. 193. 117. 397413.
10111113, 669. [101101 6161011111613, 137 496. 696. 767399
’1111111116ιῖ 111111· 9111111111 1111111116·
1 · ’,ι’ ’ 1 · · 1 · 1 · 1
11, 736. 1111111 0· 01116 19, 34. terga 19, 733. 6119
ι336220 Ξ111141ἕ4111 juncturus 1111111111 111ἒο11ὃο1 9, 49. 71. 963. 449. 6,
,111 11, 763 619101110100011 9, 376 1110111111 1, 39. 96. 693. 764.
3, 197. 3, 699 dahas gemitus 4, 499. scep- 9, 14. 36. 44. 61. 169. 179.
3, 647. 11, 963 1114, 697. (11011 19, 699 976. 3119. 379. 339. 393. 433.
(1. 4, 179. 1113, 644. dabat 01111111 4, 436. vires 469. 466. 679. 3, 37. 9, 439.
sanguis 6, 41611111 1, 6117. 3, 199. 19, 349
nu 1, 991 responsu 6, 796. 111011 6, dant 01110101 6111111 E. 6, 69.
3, 617 369.9,431.11110111119,319. 1011111 111111 G. 9, 449. 111-
19. 1, 471. AE. 3, 00111 superbum nobilitas 110119,699.10113,197.10-
1. 6, 639. 3, 413 11, 341. 010 1000111636. 0010111111103,999.010111
9, 99. 111. 7, 699. 11, 010 colores virgo 19, 69. · 001113,966.1150110111’3,
1111111111 Apollo 19,394 , 6931001111 101111011911-
1. 9,199. AE. 1, 393 dabutur 10111101 9, 666. spes 11114376. lymphas 101111·
9, 663. 19, 139. 19, 9, 393 11101111 AE. 1,791. fruges
1111110101 imperium 01111 3,]69 19, 173. ,1011111 9, 366. 10·
34339 1111111 0111111116366. [101011 00111111 1000111 9, 669. 1011
1. 19, 396. 19, 363 4, 336. 3, 639 100011 9,4330111111101111

 

