11 1

1118ἓ8333ἒ111811111818881113ἅ1ὦ8
88 1
xercent 18 88811818 118 G 4, 68³⁹
408. 3181881188 AE. 3, 991. 1111381811 ι
1118810180, 049, 83118111 7, 8113111811 1
380. 18111118 7, 743 vomere dsumqui ,
8811887, 798. balatum 9,09 810
8811810149 81 8,111
181881181831180.4,109. {aas
poenis 1910789. equis 7,
108 81138818 Ι
181381881118118180.ἐ &g 8133833518 ἐ
88818 88 vome
18118188 188801 8, 379. 111881 partem
10809 81138388 ι
181881 181181818 G. 1, 99. plur. 118 1
8811181 1,408.881188118119, exiguo ign 1
41011188 3, 999. sub 8818 juventus
inborAE. 1, 4811118118 8118 8113881111 1
188 1, 499. 81818 juventus 81131188 111 1
4,.87 31811880048. 1188 191. 1881 i
118 7, 441. 18188188 penso, exiit 8118 ι
9419118889170 9,91. 811 1
1818818 11181880. 1, 910. 8111· 8118181188 ι
pem 8111181914,οΜ 447
818118 nom soem 811118 Ve· 81118118 188 ι
888 0, 779, 118111, 88188 flu 81118188 181 ι
8118808099 8118191Ἶο ¹
818118 18118 111. 3, 189. 0, 19, 99
790 8111111807
81811889, 410. 0, 994. 7, 89. 81118 l, 811
9,.,.90109711,1.71099. E.,1'41.3
19. 193. 8811818111 G 1, 81118111811 ι
389 8118118888 Ι
81881111888109 AE. 8, 70
1189111011111117,1111111
490. 88118 8811111118 01818188811181
pum Ε. 9, 419 8818 81881
8818 81081180 4, 44
881 1118111184, 419
ι81881818111881 AE. 9 009 ,
88181 1181181818 G. ⁹, 917 81111818 dor 1
1183111111181111181881111.7,94 .0,011
188818881811118. 81111. bena 8111118 7,191
Ε. 4, 14, [18118818 10, 07 811118 (1.9,1
8111811, 900 9,810
18118188, quii 1118318 18811111 exitium E.'
qm G. 4, 949 4, 034. AE
188811 18081881 nunquam 1819,Ίο
11188811 88118 8819 899 811188 finis 1
188818 8118183809 0981111181
1888188 8811111188 88811188 AE. 318118 ma
,099 080
Ι8ιῖ38513381 88118 881 1118881818 81811383881811
818 8881 i
81188881 181188 81111888 7, 818081 pangi
65 8181111811. 1,
81188181 8888 in 811118 7 pugne 7, 41
79. equos 11, 010 81811818 ex ι
8118181 881881 1111 id 8, 138184, 090
10 , exoriens 881 1]
8118181818. 818 19, 109 exoritur 81818
mi 11080. 8888888818 19819711
l, ⁹0³ discordia 1
11111 1101 11181 creverint G. 088
,809 811 1183881114,οῚ 1118188 erardi

 

