611 INDEX

2731111119 161116 5, 794. 10, 493 432 6, 391. 6,141. 141
66161611 (1124613336). 1616661 G. 160. 4, 493. AE. ovium 11. 1226166161 {m-
a, 369. 6, 61. 1, 161. 10, 10,91.ι1119.161.19,151. em 6. 166. via-gru,
838 191. 316. 582. 633. 669. 922. 76
16616111666114636 jungi 611 1161661611 4, 112. 161162, 133
fluvialibus 6161119, 70 616616 6116166661 66 has 161111 Ε. 5, 31. 40. G. 1111.
66616111 arundo G. 2, 414 nuptias 4, 332. 611116 sunto 296. 413. 2, 121. 314111
fluvii 1, 136. AE. 1, 607. 3, populis 4, 6211663661, ,16- 4, 200. 274. AE. 11761
702 11661 pacem 7, 646. jungo 444. 446. 6, 774. 6, 74. 117.
fluviis 11. 7, 66. G. 3, 446. Ε. 8, 66. 1616111618, 640. jun· 284 9. 277. 3116. 11411
4, 462 μ666116661666111 pacem 6, 766
fluvio G. 1272. AE. 6, 364. 7, 641. 666 16161 166616 pe i· [61161166 G. 1191
36. 36. 494. 6,31. 93. 11, 1116902. coeunt 16 (6· 1611166111711611449
565.12,266.696 em 1161116 11292. 11116661 1661161176
fluviorum G. 1, 462 11, 330. qui 1616166166611 16616 E. 3, 97. 6,43. ,m
6611612.6,76.41.3,77. 142 12, 200. firmabant 1116116, 469. 9, 76
ml. 396. AE. 12, 161 12, 212 1661616 G. 4, 32. AE. 191111
fluvium G. l, 106. 4, 442. AE. 1661616 (1.4, 169. 16. 162 119
1116. 111. 1, 61. aaa. 11661166. 111166. 6, sontes 6. 11656166,
125. 831. 661. 9, 796. 816 366.12,109.266 49. G. 21⁷5. 24116621.
1611169,66.77 11666116 11321. 12, 496 4,16. 376. AE. 7, 611. 11
66116161 regin 6161611 11, 1661616666611161661661663, 191
2³6 216 16611666 Β. 2, 69. 6, 411. (1.1,
flam Phrygi· 116 nos-ne co· foedissime 11 , 392 243. 3, 131. 429. 16. a&
66661· vertere fundo 10, 161161 6661666616 6, 496. 12, 166116 4, 612. 7, 16624211,
88 299. componite 10, 15. 616
61611 auro G. 2, 166 1611110, 164. concipe 12, 16661616166166 161101
focis 1176. 3, 37816. 3,179. 13. conceptum excute 12, forcipe 6. 4, 175. A 1411
6, 666. 7, 660. 11212 168. precantur 11242. 16· 12, 404
1666 ure 6666166 G. 4, 46 tum 12, 314. reposcite 6616· 1616 1236. 444 ⁴,QO
16666 AE. 3, 134. 9, 76. 12, 1616 116736161661616616 626. 7, 79. 9, 299. 111417
119. 286 12, 696 forent G. 1260. 1111036,
1661161 E. 6, 70 16161166 G. 3, 216. 711. 1, 364. 209
16661149 4, 95. 211670, 6, 66446. sores 6661. 1461161647-
166616 6116111616166 G. 1, 193. 6, 406. 11, 706 734 verb. am 6, lm
166166116661143 16611666 soem. 661. in 66111 soret 3,·117. 6,Μ ma
166661661661166661616161161 611 2, 684. nubo 12, 63. 61411596
111. 6991 6661. plur. agmins 11, foribus (1.2,4616911317
1611116 humum G. 2, 408 663 280. AE. 1, 442 606. 11

16666116 nom. soem. 161161 1, 16161666 cumque 11161166 7, 2866346196212116
6166111. plur. poenis 111166· 345 161616 non. figura, 166166
n AE. 6, 696 1161616616 16611617,606 3, 62 61. 3, 691. 4, 61611

16166666 viminibus 6611666, 1661111611 plangoribus 2, 499 28911616 161166 vim 161
frondibus ulmi G. 2, 446 1161611166 ululatu 4, 667. 2, 111666 116616 6616 a*

1616661161 ὢςγῑωω 4, 291 4711116616 pmdae ardebat dum m nouit 611611

1166616111 imbri us 2, 326 11782 11, 70. ubl. 6616646164
1666611616 16616116. 7, 339 1661166661 masc. clamorem 66166616172661666161
cada nom. soem. Dea 4, 196. 11679. 6661. 3666111411 1111161496 innuis 196
66111. plur. vestigia 3, 244. 16161116 G. 3, 321 61116 omnes 66166615, 5¹³²
6161116116 7, 619 1616 11661666661166661· . ’1616666611 61161
1661661 tempestatem G. 1, 66 AE. 2, 236. 6661. 1666 1ῗ616.61ω66 m
323 16166116666611116 1, 61 7, 483 superante imm
1611666 unguibus 616 ; pecto· 1616 66666 G. 3, 176 8, 263. 661111616ιὶ3 1616
1661111611 161673. 11, 96. 1611661 16161616.9,636 egregii 111435 ι
12, 971 16116 11161666. 1, 69 formabat 61661661 1611691·ΙΙ
1161661 66616616 616616 3, 11611616 G. 192 formabis 66 studium 219
227 ¹ 1616661661139 666616116661161966
foedantem igne· sanguine 2, 1616 pecori E. 3,69 163

609 . soetu G. 2, 69. 390. 429. 617. 161166, gen. {adm-Mul
{oedmserroArgohcns latebras Β. 6, 207. w 1, 27. 7,4 ,8,1631Μ

2, 66. ferro 66166161 3, 1616616116 12, 170 6293 mundium

331. 16 pulvere 6111161 12, 1611616 gregem suppleverit 11. 166.ρ116.ρα1η6277.16
16161611 166616661661161161 161661 6161111 6161 0. 3, 62. 16666111661111661ἐ111699

1169 1616166666. 116166. 1, 66, non ιω· 616
1616611616 Galesi 7, 676 2, 66. 196. 327. 442. 6214, 6616616169, ’ ΨΜ
161166166161 2, 296 163 199. 231. 612. 12. 1, 16. 9, 101. 12, 224

 

