01 11011113. 101

sicco 0, 31 1010111 0110111 G. 0, 071 1001011110 111101 G. 0, U.
rudunt 11101011 00011011, 10101101 1111111111 101111 110- 1101100111101040
01010 110 cortine gemm· 0010 10111101 110611011- 1001001001 00111110111 0. 3,
0,74.11001001100011111 101. 11 5, 34. 001111 11110 G. 401. 0011100101101.0,ῢ1.
11400 0, 400 donn 0110110110, fluvium 0, 30. 1101 11,
1100010111. sem. 1110013, 000. 404. qun 10 1111011 111. 1, 304 ,
111111. plur pedem 0111111110 000 · tumenti 00010 7, 010
G. 4, 310 1110 01 11,0 1011001111101111101110011110 1010110101 011111 G. 0, 470
11011011 1010010 0111110407 3, 307 101001011011011 pont! 1,307.
101001 10011100 0,70 tulissem 10001 10 101111 4, 01100400
1100111 AE. 0, 010 004 10101111 111111. 0 0010 ὦ. 1,
110110011110111 G. 00331 AE. 10111101 010 111 Argoo 11 000 140. 0011110, 7
10, 33010, 100 10110,04.1101110111010010 0, 1110101 011111 0, 071 .
truncos G. 0, 300. 400. AE. 0, 700 1010101011111110101 10011011 11001011 G. 0, 100.
007. 11, 03 4, 079. 11 me fortuna 101011· 00011001 AE. 0, 100
11000010 111 100 1100011111- 0011000. 000 1111001100101 10011110 0111110 3, 307. 11 pul·
1111010110 0 10, 330. 1110101· 10 0111101 0, 070. 10 iucem 01000 10, 387
010110, 10110011 11004 11130100,330. 1011111101 tumidum 00001 0111011110,
10, 300 11, 005 470. :quor 3, 107. saw.
ιΙῚ111161111111111811118101111113557Ι mqp'e'duzaonss. ί1131111011ἰὶ 11111 11011111013111ξο01111111100
10000111. cum stabulis 11101011 G. 000. 11000110 011110 10,
10 110 0 G. 1, 1010. 0,(10. 1, 483. 11110 01101 0011101 01
100070101οΒ. 1ἱ1001 4, 000. eui 1110 10001040
100,1011,10101,100100,1011, 0 111 mter Β· l, 3¹4· 10011111 aggere 0, 44. 7, 0. 00·
1011, 1110, 1001001, 1001, orion 011 111 11111110. 1, 001 111403. 1000010111,
1110011001, 011111. 000 1101110111 1111011110 003
1011101101 ,11, 003 0407. 0110111111 111010 10110 11010111 0001110 101010 0. 0,
1111110 0, 000 0, 000. 000 me 11111 71010 070. 01111111 10 0111111113,
10110100,030.11,404 0110111010 3, 43 101111· 470
1111111001 G. 4, 70. AE. 0, 313. 101 3, 0111110111 1111011 ί,110- 1001010 11. 0, 40 AE. 40.
7, 000. 11, 100 00111 3, 009. (100 10 100 1010 63. 0, 00. 000. 700. 0, 330.
tuebitur 0101101 000 0110, 0010100110 00011011111- 0, 110. 11, 0. 103. 004.
500 cordos 7, 07. 00010 10110100 003. 10, 130
tuemur 01111 spes 10, 31 00 101 7, 110. 0011 10111011 10010110 0, 100. m. 3, 00,
1010110110 00000111011010 ,41011111 0, 050. 0111 don· 0, 317, 307. 3, 4. 371. 0,
(1.3,300 · 0401010110010111010010, 307. 10000 447. 300. 10,
tuendo 00101111 AE. 1, 713. 070. 000 10111 ,4111010111- 000. 707
00111010,οῶ lum 110. 0, 000. 01011 10· 100101101011,007
1010000000110010000,170 111 0111111 11101 10, 070. 100111110.1,104
10001 10010007000101111 1101 10 cumque virgo 11, 1011101010 E. 0, 40. 010701.
0101000 · 700. non 1011110110111001 0101111. 11,70. 00. 371.
tuentem 10110 0, 407. pugnas 0110110110371. 111111 10111· 004. 0, 000. 000. 704. 374.
10, 700 10001 apicem 1010010111 ga· 10,000
1000101 gaudent 310. 0, 070. 1100011111 10, 403. 000 eo· tumulus 0, 713. 3, 00
1110010111οο0 10,307 11011011111011310110 1000001011.
1000111101 0, 004. 011110 0, 101011111111111110111 tundens 11001 1011110, 000
00 10800 tundit 0001101 01101001 10,
11110110010110110101101110. ’1011011000 101
³,ss 7011010814. 0,044 10011101ου01 01ρο00 ἵ101 0.
1011111111 0.1,01. 0001001- 1000111111. 0, 300. 010011 000010-
1000011,004.ρορο111101011 1010 E. 10, 30. AE. 1, 04. 01001 AM, ,10011001
10110114 10111001 0, 100. 0, 770. 4, 114. 043 0, 100. 10011110, 105
celi 01101οκ1401. 0110, 0, 730. 10, 00. 110. 11, 1001040, 407
000. templa 7, 443 001 100100 0, 010
101101· 1110101001 110. 4, 300 1001 quum 11. 0, 10. 0, w. 0, 10010101 10, 014. 310
1ος0110.1,00 07. 0. 1, 40. 300. AE. 0, 1001011 (1.0, 70. Β. 11,’177
101 genie. 11 10 7, 40. 01. 7, 000 10011 1110110 (1.4,ωο
300. 0, 144. 9, 001. 10, w. 1010 10100030. 0. ,000 10010 pectora 11111011 AE. 1,
0011.1ιι1.011111,1ο1 0, 400 4,137. AE. 7, 737. 401
1010101 11100 11111οο107,Ιῶ 0, 040. 10, 030. 11, 070 100111 frugibus G. 3, 10000-
tulere 101010101010.0,001. 10011110 E. 0, 07. 0. 3, 000. 1011001 AE. 11, 37
ρω1111111101.0,131.11110, 111. 1,400 010οΜ 300. 1001010 gullo 1111111111 0. 4,

111. 111 corpo„ quinque 111. 1111. 110. 111111. 111
1001001 11,100. 000101 111 007. 000. 700. 7, 370. 010. 1001001 01. 0, 717
..11111110 11000111 111 001
Ι 0 Ι Ι ⁸ ι 1

 

