011 1701103. . 0

amedeum 11. 1, 804. 0001. 000. 10110 7, 04 1011100 11011140011011100010,
Rhenum 110110 0, 117. 10010010111110, 107. rie· 488
11111101 Media 0, 100. 1010111101 111. 8, . 9, 11010001]011081011100,177.
uu pheretrum 111. 1, 70. 350 7301078010, 101010110106
0010134831οω peu· 003. 305. 748. 301 1011111010 10 014,070
4, 378. refertque 110· 1010101 Ε. 10,00 [0111111011 0373
70104,438.11Ιο01110· 101001 ceruum [Ε. 7, 480 festinem 0010111110 prom G.
1010111010 permane, 1010010001νο 11040114, 4,117
110 ed undee Ache· 377. AE. 1, 700. monem 101111010001 1,008
000011000111010- 10110 G. 1, 180. 0101001001 101101 dies 0, 507. ΜΝ
0, 070. munstre 105 0011110101,300.010101, 0001118,οΘ
'e 000101070010 011. AE. 0, 133. 10, 588. 11510 0.1,484.Ε.10,170
mem 0, 000. 000101 franguntque 111101 Euri G. 011111 11.1,100.3,400.111.6,
10110010 8, 310. quoe 0, 441. ures 010 0110110100- 000
110110 hostem 8, 001. 1014, 17. 01001, referunt ὢ. fibula 4, 130. 5, 313. 7, ulo.
ι101109,70.1010111 0, 030 3, 410. 0,084. 7, 765. 10, 074
10, 107. Turnum 10,180.1011001,30101ι14, 0011 nuntie 10000 4, 188
010150 10, 1105. equile 300. 0, 507. 8, 180. 11, 01. 0010 carmine (1. 0, 40. pectore
uem 11, 750. juveni 170.110000,101. 8,084.10- AE. 0, 107
tum refert 11, 807. 01100010110015,830.1000010 0010110001 1111101110,800
u 101010 00111110, 01011001 0, 843. response fidumm.soem.euutiumelefide
ἱ 0011110 010 Turni pff eurus 111, ε11οἰ vitm golgus} 00111011ἔ,0111.101181ἑ1101101 ξι·
.cermn 000, . 1010000 ,001100
01010011 u. 1,»11. uegeumponee 0,0οτ eu 10011100. ,101. response
E. 0, 008. viem 0010 1011001 0010110 100001 11, 0,377. 11110100, 400. 0, 04.
1501110101 4,004. 1000 000. jaciunt 10, 080. 10- 0110111103, 110
1. [eruum 0, 37. 10101 mie 10, 3011001000 017111- “ udam 001001 0, 047
0.10101010,078.10001 1010 100111040010110010 fide 01 1101 7,085
'8 evertunt 0, 374 fidelis 01100 duplici 1000011
,50100001ρο1 GR, 180. 10100101 unu 00101 0011001 010010 0, 707
napus 0, 101. 1111111 0,107.1’001110010,087.1αρ1- fldem G. 4, 013. 117. 0,101.
B. 10110 juvencis 4, 011 passibus 7, 150. 10101 041. 0, 004. 8, 150. 10, 71.
ubo· 4, 140. 10100101 1010 7, 073. ponto 1011001 700. 11, 011
130 0, 101. ud 010101001100111, 1111011010 0150010773
1001000 en erma? 8, f 000111310ηᾷἐο 10, 070 110001 enimi 0, 01. 00011015,
1011001130 G. 1,014. 1ξ1ῐ731701110071001111000100110- &geu 811170377 11Ξέ0077,
1010ἲο1010100110100.. 115ῗί1371 10811
1, 101. 100. 0, 00, eumue 100
1, 470. 5, 074. in 0110 Fescenninus 00101 7, 000 fluentem fugi G. 3, 31
1. 0, 010. in 11011010, 10110, 000. foem. juvence Ε. 8, 00010 divis AE. 0400103010
vox 0111011101 3, 40. 03. 80. 00010οφ010 AE 4, 5, 800. 10110 7, 000. 00011
107111οῗῗὲἓὲἑῖ 720111“ἒ.1111ῗο“””“ 11111ἱῖ.. „ee
1101110 7, 381. 0 00 1011101101.ορ016.4, 180 1111010010. 0, 143. 300. 3,110.
emera 8, 549. satu seuseu upes 4,000. neves AE. 1, 370. 434. 4,10. 373 000.
venabula seru 0, 003. 108. 0, 00. oequore 0101101 007. 0, 340400. 878. 7, 300.
regione vietum Ι11, 0,715 0, 70. 000. 080.11,00
’1871 11ἓῖ 011· 7717711ξὲ1710 7111· 0101111111 ⁶’ ⁴⁶⁰·
· 1 ⁴ ⁶ 1 · 1 · · 1
100111,730. 07010 0, 307. 717. 8, 007. uiues 00111010, 100
,3401001111000100 0011008,480 11011 1010. equo? 11, 708
,0, 087. ed 10110111 10, senis messoribus 0110110, 10. 001111000010400. (11111010,
fatigatis 0, 40. AE. 3, 80. 0, 000100. 0100110001οω0
1110101 11, 100 010. rebus 11,330.1.011011 081
0001010010 G. 1, 10, 003 00110000111010 pugnem 5,(11
1111010 0110010 AE. 4, 101101 3,78. 068.0,41. 01101 00110 ne pedibus 10, 370
111010 flammis 4, 007. G. 4,100. AE. 0, 053. 3,011. 01100000 7, 040
11100111000001010 8, 0, 814. 0001010,840.00001 11000101,130.0,70. 1008,
11011001 0010000110, 11,913 300. 0, 100. 140. 18810,
feneum 3, 710. 0, 403. 0, 845. 100. 070
0001110111 G. 1, 307. 011010 0010010100,006.10- fidum 01001010 1, 113. eu·
4,100. 117. 1, 430. 1013,081.00(1οΡ01013001 1001 0, 504. Aebutum 10,
10101104,407 0,003 330
0010. sum. surim 7, 101101 G. 4, 403. AE. 8,030 fidu· 10110101 1, 188. 0, 103.
mul. 0010. dieue 10, 1011 110000 0, 040. 4,480 8, 001. 080. 10, 384. Ale·

 

