01· 10011116. 143 ’

tres 7, 613 3111166111 6616111115,366.111111 primus 111 fine 1111166111 G. 3,
·1111666111161113.1,33 7, 113. 6661616 Tellurem 64. AE. 6, 606. u, 133
’1301321111 3111111106· 6166113112·
6611666611 G. 3, 310. 46- 11161116 9; 494. 6666 leudem 1111661116 3, 163 ’
1116140. 11666611 AE. 11, 3, 664 principibus 6661111 1, 433
600 3661111661 7,61.161610,27. [1116111116 G. 2, 9. 4, 3. AE.
663163616333066111311 10,616.61.611116,616 2. 752. 3, 331. 4, 66. 6,
6107331. jacentem qu 66 primi 3111. 11116111 G. 2, 44. tou. 6, 214. 724. 7, 342. 9,
6, 521. 11161111 uocem, tuci· 6661112.5,666.161116,266. 762. 10, 263
tt 1111611 expendit 7, 119. 111111.Ρ1666111614,133 principium 66 1616 Β. 3, 60.
pede exanimum 10, 495. primis ii. 6, 33. G. 2, 263. 3, generis 66 Jove 13. 7, 210.
616161 quien 12, 903 603. AE. 1,346, 6,161. 6, 616 Ε. 3, 11. pugne} AE. 9,
esso gutture G. 1,410.16· 273. 7, 463. 3, 60. 617. 0, 63
11616 2, 203. 366. uuio Ε.- 463. 16673161666111116, prior 11. 6, 10. AE. 1, 321. 531.
6331. 616 6, 166 69. G. 1, 333. 2, 2016. 1, 3136137. 326. 6, 3347
31161 316313161161661 (1.2, 363313 mensibus enni G. 1, tut. ti, 460. 9, 310. 10, 458’.
166166616616161161116 AE. ρ111611111ἶῃ1ῒ 1173 2¹ 8⁷¹ oum 7733213, 761115 63161193, wia
3, 47 ρ116111161121.11,16. 166 6331661161 616111 6, 337.
1161661166116111115,292 prino 116616 Luciferi G. 3, pietate 11,202
1116 4, 212. 5, 300. 6, 622. 324 161666 111. 1,470. 116611 petorem 61111116 Ι, 643, 10.
0, 213 2, 336. 16 1116166 2, 469. uum 161161616616611111.
111616 1161611661 6116166, 436. 6, 427. 11,423. oriente 161116, 170
111. mum 9, 232. posuere 6421111116 66666661161161 priores tupi 116311 Μ16116 Ε.
12, 360 6, 143. 1113616 autumni 6, 9, 64. 166661 G. 3, 69. 1666-
1166111611. [(16.111362, 309. 616616 6, 463. euin lu· 161 AE. 3, 213. procos 4,
103. une. 6 1111363, 321, 1616616167,130. Aquilone 614
11111 6116166666 7, 262 7, 361. ventu 7, 623. 661- ρ1161611116]61113,603
16161 1, 664. 2, 22. 66 101. iumine 11, 166 [1116161 16116616 7, 243
tut. 464. 434. 606. 627664. ρ116163663,633.11,4 priorum (1. 3, 292. vetum Ε..
160. 3, 1. 4, 343. 6, 297. 9, primii 166. G. 3, 137, 4, 4, 464. virum 3, 312
234. 12, 646 310. AE. 1, 613. 4, 176. 5, priten 6661337119, 70
11161666 1161666111 11,296. 664. 9, 676 ρ11161111666113. 4,31
[11166666- 6, 494 6111666116 9, unu 1111161 Quirites ὢ. 7, 710
16161661 Helenus 3, 346. 6, ptimo· concubitus G. 3, 130. prisco 6616636166 3661666161
309 11161666 1166161 4, 340. 16161 7, 706
6166 1, 670. 2, 201. 344. AE. 2, 470. 7. 733. 3, 636. priscos 16111616, 693
1410,742.11,269 trucident 2, 404. 12, 677. priscum 3611666111 honorem
616661 1, 453. 437. 2, 601. 61161 ubi Τ1166 6116161114, 3, 330
1133163. 390 113. 61161 5, 367. 161666 7, Pristin 5, 116. 10, 211
66161 1, 461. 2, 147. 533. 173. 16161117,406.16166616 31111161316116 10,143. 16 pris.
’131. 3, 60. 6, 664 1619, 736 1166616111, 210. tine 66116 1661616 11161 12,
1116113113 16611161 accitos 16311 11, 421
161 G. 4, 111 234 3311111661 conjux 6, 473
uenum. [611616616661111 primurn postquum Ε. 630. 7, 116111 nuris 6, 164. 156.
1131116 eet 416. Ε. 6, 1. 30. G. 1, 113. 427. 1112, tut
1161 (1.2,362661116611116- 117. 7, 30. 3, 170. 403. 12, Pristis immuni uomere 3,
,ue 6161 oevi 3, 67. neni. 76114 427
461.616661611161ἶ.4,13.616 ρ111661661111116.2,426.[6. Priverno antiqui 6166 11,
i. 3, 309. examine 4, 21. 1, unu 4, 260. 636. 11102. 543
ἓι66617696 4, 161. 63111166 3311, 300. 12, 47. 111161ἳί1666 neunt. propr. tiri 9,
6 i
61661. 6113166 mundi G. priunum uuj. Acesten 5, prius sentiente quim (1.1,66
,336 16 6113166 3, 43, 4, 640. 746. quem lt, 664 3, 4113. AE. 1,192. 472, 2,
36. E, 1,372. 16111 1,641. primus 6616 omues 2, 40. 741. 4, 24. 6, 323. 11,
tuenti 7, 61. 9,131. ium· 6, 401 300
166 7, 148. 11663166 10, μ1116611611111116113,2,403. ptiiu (1.1,74 104. 2, 274. 3,
24. nete 1, 80⁶ 3, 10. 12. 77. 113. 132. 4, 362. 4. 229. 306. 637. 1112,
nae gen. pugnoe 7, 40, 134. 141). AE. 2, 411. 370. 5, 1311596. 6,136.0,122.11)
42. 111111. G. 2, 3406146111 310. 313. titii. 7, 647. 3, 223. 332. 11, 126
1611 pru 6116111661 1311, 310. 0, 36. 10, 242. 11, 6161163166116611161116113.
95 364. 330. 12, 461 3, 77. 11616 pro 6616111166.
6616 6616 1111661613133. primusque G. 1, tw. ὦ. 232. 33. cuimine quui 6661 116.
orpoee10,³⁴6 263. 424. 3, 661. 4, 169. 5, 6661631. conjuge 111111
616161 quorum 1161611119, 461. 3, mu. 231. 12, 263. 161116.4,111.16111116166ι
46 426 11661111 AE.2‚17. 16 neuen

7

 

