07 1103112. 11

.1111112,3323,667.11,309 111111111113,649 . 1111111110.2,112.Ε.11,904
ι1111111111,696 Antenor 1, 242 apertum 1,667.10,314.11,666
1111111116.4,226 ’ Antenoridas 6, 464 1111111. 6, 77. 10, 60. (1.2
ungunt (1.4,296 Ε. 3, 411. 1111116. 2, 417 462. 4, 177266. 666. AE.
1111 antetulit 61. 6, 677 1, 430. 7, 64. 12, 666
1111111116. 3, 290 anteveni G. 3, 71 apex 2, 663. 10, 276

n nto G· 4, 63. E. 3, 419. 1111111111 AE. 9, 47 Aphidnum 9, 702

ff? 406 111(1111111112,466 apibus Ε. 1, 66. (1. 1, 4. 2,
,1111111 (1.4, 36 Anthou· AE. 12, 443 213. 4, 6. 37. 139. 149. 197.
1111111111 1, 360 Antigonen Ε. 6, 69 220. 261. 316. 634
1111111276. 4, 206 Antiphaten 61. 9, 696 11111111 111. 4, 246. t, 66. 19,
1111113, 497 1111111111, 12. 376. 631. 626. 492

1611111161.Ῑο 637 2,166. 363 714, 3, 164. 4, 1101116664

1111111116,264 312. 633. 6, 666. 7, 176. 1111111.6,66.(1.4,121
1111116421 366. 11, 640 Apolline AE. 10, 171
1111112790 nunqua G. 2, 174. 111. 1, 642. 1116101112, 430. 3,79. 12, 616
ntulisti. 1, 266. 2, 136. ·AE. 2, 742 ΑροΙΙο Ε. 3, 104. 4, 10. 67. 6,
n, 739 antiquum 2137. 626. 3, 96. 96. 6, 73. 10, 21.(1.4,7. 623.
ateium 1,111. 111. 1,111 111. 1, 111. 11,111 1.1,111.1,111.111.·111.
auctuum 11111111111111121111 261276. 396 434. 479. 4,
11111110.4,669 antiqui 4, 466. 11, 263. 661. 144. 646. 376. 6, 9. 101.
111111161111 11, 111 111. 1, 111. 1,.111. 1111,
11111 7, 416 1111111111 12. 3, 131. 10, 719 636. 619. 664. 666. 10, 676.
11111111 antiquo G. 3, 332. 61. 7, 38 1Ι, 766. 12, 393. 406
11111,ιηὶ11111,1111111111, 1111- 11111111 Ε. 9, 46. G. 2, 167 1111111119,147.10,463.11,117
1111111,11111111,111111’11,111 untiquum AE. 3, 16. 4, 431. 1111111116.3,363.111.1,116.
116061111111111111 6, 606. 6, 660. 646. 9, 206. 2, 422. 464. 622. 3, 196. 11,
1111611101 G. 2, 269. 3, 123 647. 12, 697 606. 12, 660

11111111 11. 6, 40. (1.4,319 antiquus 11,316 1111111111 11. 9, 60. G. 1, 464.
1111111111 Antonine, 111 11, 11
11111,11(11111,11111111, unimo- :intorem 10, 776. 779 1111111116. 1, 404. AE. 2, 463.
run, 11111111, 1111111111111- 1111111 (1.4, 429, AE. 6, 419 3, 270. 631. 701. 6, 667
1111.111111“11,1111 putto 111111· 1111111 (1. 4, 609 1111111111( 6, 241. 10, 679. 12,
11111 1111111 antro 11. 1, 76. 6, 19. 6, 13. 676. 941

1111111112,277 9, 41. G. 4, 44. 162. AE. 111110161116,716

1111111 (1.2,441 1,11. 3, 431. 446. 617. 1111111111 6,(140

1111111111 9, 61 641. 6, 77. 99. 262. 400. 1111110111,277

11111ὣ. 3, 60 Ι 416. 423. 6, 217. 264. 630 1111111111 1,616. 10, 637. 12606
111149, 20. 31. 421. 600 animm Ε. 6, 6. AE. 1, 166. 1111111111.4,960

111111 1, 379 6, 631.6,11. 42. 167. 3, apponere 12. 4,602

111111 4, 634 461 1111111111 G. 2, tut
111,11111,111111,1111111,11· 1111111111 appulit AE. 1, 677. 3, 336.
1111,11111111,11ω”11,11111111111 111117,419 716. 7,39

tingunt 1111111 1111111119, 69 apri E. 7, 29. AE. 1, 324
1111116262 6111111110,Μὸ aprinis E. 9, 49. (1. 2, 622.
11111111 10, 766 Anxurus 7, 799 AE 6, 126. 6, 312

11111 4, 441 Annus 11.6,66 111111 11. 2, 69. 3, 76. 10,66.
11111 G. 1,216. 336. 616, 6111111110, 12 (1.3, 411

63. 6, 173 Aonio G. 3, 11 upnun AE 4, 169

nnuc G. 1, 40. AE. 9, 626 Aornnn AE. 6, 242 uptun· 2, 672

11111111 11, 20 Apenninicola,¹ 11, 700 aptant (1. 4, 74. AE. 6, 766
1111111112, 167 Apenninus 12, 703 aptantur (1. 1, 172

11111 1. 260 uper E. 6, 76. G. 3, 246. 61. 11111111 AE. 11,316

111114, 126. 9, 106. 10, 116. 10, 706 1111111 G. 2, 369. AE. 1111.
1179712641 11111111,111.11,111 3, 472. 10, 131

11111 6, 46 1111111112, 60 111111 6, 60. 9, 364. 10, 666.
nti 6. 6, 17 npenit G. 1, 217. AE. 1, 107. 11, 6. 12, 66

11113,46 140. 2, 246. 6, 12. 406. 7, 11111114,269.10,269

ntur Ε. 9, 36. (1. 1, 119. AE. 446 670. 10, 664 11110111 G. 2, 234

6, 616 aperitur 3, 276. 6, 661 aptos 6, 166

1111111111 10,661 npetu G. 1, 393. 3,194. AE. 111(ι111111.4,462 6,797.11,202
1111161161 11, 360 11116,111111’11,111111111111“11·1-
1111111111 11111111 10, 13. 11, 746 turi 111111

niet 1111111111 - 11111111 7, 622. 6, 666. 9, 26 111111,111111,111111111,1111111111,
1111111111 4, 371 aperto G. 2260. AE. 1,111. 111111,111111,11111’11 111111-
11111111 12, 64 394. 6, 262. 6, 623. 11, 493. 11111,11111111111111111111111111
11111111 7, 631 12, 333. 363. 460 nquui Ε.. 7, 464

 

