190 11111814

666. formidine 11119160. 1111111 111111 Ε. 6, 7. on 111- 11, 779. iuml*
dum 1111· 11111 10, 983 111- 1111611 G 9, 947. 1111114, 11111,

61111116 966. dicta Ε. 9, 116. 10, ’111111 G. 1, 609. 3, 36. 611,

1111111 1111119,736.1111114, 619. sucta 9, 648 111113, 1. 96. 9116. 938. 316. 413.

9. 1111111111 8. 6 301. Tartaru 4, 943. mnia 566. 691. 919. 9, 1134. 613

1111 11111 Nisum 11 Euryalum 6, 840 699. 660. 3,16 86 'R’- 6,

4933111111 19683 11111161111111 G. 1, 484. ssm- 190. 665, 696. 133 181.

1111111119, 380. 6, 390. 7, 1111111. 7, 781 811. 6, 66. 68. 140. 6611. 7,

11111111 Taygete 11111 (1.4 191 969. 8, 411. &7- 9,

1111 E. 3166. AE. 1,108. 184. 936.11111116.1,998 909. 10, 97. 45. 110. 914
11615161111111116, 1111111 1111611111 11. 11131. 4313986

368484 8,499.664.9,399. 1111111116.3,61111.6,316. ’1111118436 AE 194 9,

10, 360. 361. ¹²: 614 111161 G. 3, 617. hiems 60. 349 666. 603. 7611,

1116.1,113.11..4,111.6, ⁴, 111 1111111433. 111. 1111111111 1111111.

491 ’ 366. 11111111 AE. 9, 337. 6, 631. 166 7,9338,911.
1111111116. 1, 164 11111116, 336. 111 imago 6, 398. 9, 641. 1⁰, 74 318
11161111,163. 3, 386 696. pugna 11,689.1111111 71111111 111111. sm. 11111111
11111118.8,77.11.3, 190 1940931111111111111111 1, 461. 699. 9., 63 41111
tricorporis 11111111 AE. 6, 939 (1.1,76 8, 189. 646 1111111619.
1116111111 1, 138 11111111 11116 11111 1111111111 11111111,34 1111111 11691.
1111111111.1,11.11. 1,1469, AE. 3. 914 11111. plur. agmina 1,114.

418. 610 111111111 11111111 111 1111111111- arma 9. 18⁰. 1111 11, 111
tridentibus 1611111 6,143. 8, guis 61. 3, 439. AE. 9, 416 Trojunu genie. 111-1111 1,(194.

690 111111111111111·1110.4,63 gentis 6, 767 1111111111
1111111111 31111111111111111· 1111111111 in 11111111 1919 16360

111114, 3119 ’111111 A. 1, 144, 6,173.10, 'frojanam 1611116113.
11111111 11111111 Cerberus 6, 909 - - 111111114496

411 Tritonem, 634 1111111111 opes 2, 4. 1063.
11111111 1, 969. 3, 391. 6, 7111111119, 171. 8111119616. 111117, 364

44 6, 104. armipotens 111111 Trojano 1, 960. 19316111
11111111111·1611111111 auro 3, 461. 1111111111 11, 483 11118, 183. 111· 10, 698. 11,

1, 630 Tritonidis 9, 936 196
Trinacria 11111. fam. AEtnu 3, 1111111111.1,190 ’ 71111111111111117,193

664. pubes 6, 460 1111111 trivere radios 11111 9, 444 ’11111111 11, 491. mnibus 5,

3, 384. 1111114 3. 440 Trivia 111111 AE. 7, 774 793
Τή11111111111111116,666 111111161336. 7,616. 778. ’111111111111111 1,19 6111
1111111111] 6111111113,689 10, 637. 11, 666. 636 4, 191. 7, 318. Chaone 3
’4111111ὶί 91111111 3, 499 ju· 1111111 Ε. 3, 96. AE. 4, 609 affl rege 11, tm

111116311011116630 11111111 1111111111 1111111 119, Troianos 6, 688. 9, 198, 10.
Trinncn'is equis 5, 513 34 77. 11, 336. 19, 804. cuz*
’1“1111111111111111,106 1111111113 Corintho AE. 6, 6, 496
Triones 1, 744. 3, 616 · 816 ’1111111111 agmen 6, 603
111111, 11111111111111 111611 1611111111111111111111111111- 1111111111 origine (3111116986

1111111111 G 3, 381 tore gentes G. 3,.33 6114, 194. 166. 8111111 1.
triplex gens AE. 10, 909 triumphi 19, 11, 64 767
triplici 111, 73. AE. 6, 119. 6, 1111111114, 31. 6, 814 Τ111111 1, 414

649. 7, 786. 8, 714. 10, 1111111119676 8714 1111151111 11111ρη1611413

’164 triumphos G. Ι, 5114. 3, 148 369
tripoda 3, 360 Troades 111. 6, 613 1111111111 8, 111
,11111616110 · ‘frons Ι,311. 199. 6,906 10, 1111116417. 1311111119
111111 lupus stabulis R 3, 80. 89. 19, 894 6. 4111. 7, 991. herus 8, 6111

1111111419184. augurium 11191 1. 119 939. 694. 747. mmm 1960311111

6, 7. ministerium 6, 993. ml. 9,136.63’1.689.166. 19, 199

4131343313 133133ἷό 4411410144 18415 ’ ¹¹¹ Μ {23 Ἢεᾰξὴἷὲηε 11
11141111 pugnum 6,411 ” 11134111111111111111111111- 108 96313793 ⁸
1611111111.1,14.61,331. 111111111111119,396 Troum 9, 113. 11, 164. 19.

eum (1. 4631. 11111111 19. ijo G. 9, 385. AE. Ι,316. 137 ,

1, 938. domos 6, 634. por· 733 966. 1118. 161 900. 111111 1111113447

1111,611.1111111,131 461. 681. 636. 637. 703 3, trucidant 11111111 8, 494. 19,
, 111111· 1111111 G. 3, 448. morbo 149. 340. 4, 319. 6, 61. 609. 677

4, 969. corde ὢ 6,186. 6, 386. 7,944. 996. 0, 644. 111111311116. 1,310

383. 8, 699. 1101 6, 438. 10,60 tundamus

beno 7, 646. 8, 99. labo 8, Troia adjed. 111111. fem. gaza 1111111111 penore 11111111 G.

1971111111 1147011141 1, 119. 9, 763. 111111 6, 33. 3813

11, 839. vulnere 11111111 19, pubes 6, 699. 7, 691. 11111. trudit 1111111119, 336

1⁰⁰ ptur. 1111 1, 111. s, 111. mmmmm e 1111

 

