01? WORDS.

1111411441117,448 1141 nentem 1114, 514
11111111 11. 8, 105 (1, Len. neti 1111114111 AE. 6, 481

9, Ι108. AE. l, 179. 679. 704. 14115414,439

797937. 989. 4, 567. 606. fletu G 4, 106. AE. 3,

11514111 4114154. 1411414144

988. 560. 7, 787. 8, 439. 9, 141441 11 fletum 444411

100. 10, 74. 119 19, 300. 4, 463

6711479. 811 fletus 1411. n'ng. 5, 76
1111111119, 339. AE. 4, 449 plur. G. 4, 375. AE. 1
1411 G. ³, lll 3, 345. 4, 467
1111114111. n'ng Ε.. 7, 98. nec. 1141414 myrine Ε. 10,

plur. 1441114111,346.4444· 411 AE. 7, 760

1111111911 14141411 1411 Lycei ἶ
1111 14111. ,1411164141 G. l, 15

96. Lycorias 4, 339. 461. 1141111411.4,509

41111 AE. 6, 30911411. plur. 1411114111 laborem AE.

11111 G. 1, 79 114111 414 discedere E. 3
1414111411 lanugine AE. 10, 1414 4111410. 1,169

394 flexere animum 4, 51
14141141 114141 (1. 8, 350. egram 14111 1111111 .

14111118 1690 35
11141111 44111 (1.4,196 1411114141 1411111 (1. 1
1114111111111111 111. 7, 791 nexibus tendis 4111111141
11141441 campus 411111 114, 14

99 14111114114414111114614,
11111411 4114 AE. 7, 696 6, 659
1411141111 G. l, 316 flexit illum non purpm
14ὄ4111ὲ14 AE. 1, 599. gurgite {1131oest 9, 496. lumin

,8
11141 411141 4, 569 19, 605 14111 11441 6, 500
111141 crinem 4, 698. 1111. 1141101, 944

ceput G. 4, 359 14111441. 1144111414,
11Ξῗ111641144111411 AE. ⁷, 114ἑὲ1 444114411414 gnis
14111101411111 E. 5,91..11· 1414 G. 9, 79. AE. 19, 4“,

4111141 AE. 5, 614. Misenum 1414 1414 tempore

6, 913 11111 storum G. 4,149
1411119, 55 meve juventus 1117,
14411114 14 1414411 19, 658 vestibat genu [111111 jn
1411411414 14111 6, 98. hun 118160

111416, 788 14141 11111 l, 430
144141141414. levo limite 9, 141411 11111 1111141114 1

379 63. copie th 116114 G.
1411414 juvencos inter vineta 141414 Ε. l, ,9, 481

deducere G. 2, 357. 1141 AE. 188. AE. 11, ffl

7, 35, superos 7, 319, 14 florentem cytisum E. l

1141111 1141111111 8, 364. eoe· 9, 64. me studiis 411 1

111Ξ149140 AEnenm 141144 Turni ἓ64811611114411411144
flecteris 11 precibus 9, 689 14141141ἔ111111414111114
14111141114411.4,399 116111 . 7, 4. nec. sel
14411 preeundo 1111 114111 AE. 1411. 414411411414

6, 310 80411433
1414144141 l, 156. 10, 677. 14141111 limine 141111 4,

juge 11164111 6, 904, 11144- 141441104111411111 nn, 19

111 19, 471 14141 3, 99. 107. 9, 41
14111111 114141111 414111 19, 4, 54. 111. 5, 79. 6, 88

16 14141 eger G. 9, 6
1441111 salignas umbonum 1411114111,9,59.6,68.0

4141417,639 1139. 1099501114,
11444 1599 11708
14119, 979 14144111 (4114111117,644
1411 11, 454 norum (1. 4, 966
1411411615. (11111111, 141 9, 134. 4, 971. 111. 9,

451. 10, 849 111414 8, 500
1144144411114441411 G. 4, 14111 melle 1111 Ε. 3, 89

4⁶1 14411011 G. 9, 160. 4, 499.

 

