70 mnu

1111 16 6610616161 AE. 1, ,6, 969. per 6616111116, 963. mmmmm

140 aquati numero 7, 096. 66· 661 mm
16616116· pelago 1, 663. 16 un· 66616166 3, 931 111161 chori 9, 119

di· 10,43 1661 G. 4, 366. 430. AE. 1,606. 166116166161110931
166111 seminibus G. 9, 67 9, 964. 4, 149 7, 761. 3, 307. Idm 1666616 611111
11616 semine 1, 104. 9, 317 9, 697. 649. ’19, 373 6 con· 116666 6111661 1919
16616616611166 Pyrrha Ε. 6, 61116 111 tumulum 5, 76. 1666616611.11116,131

41 ovans 6, 639. 6666116 611161 166661611661616661,
jactu G. 9,194, pulveris 4, 87. 3,169. 6111 666166 66111166 139. 6661. 666113, 111Ι

16 dedit 16 equor 4, 693 3, 466. 16161666161666 166- 16666 6611. 1169100916
1661616 sepulcri 1661116 est AE. , 11636111168616166 1661 1666131116 .

9, 646 mollior undis ,796 6161·- 11161161,393161161,111
jacuisse 6616616116 G. 3, 436 61166 6616616 6661116 9, 96. plur. 6611661113 Ι
166611 per antrum AE. 3, 631. quibus 16 armi· 9, 969. 16 16111616 oppidatim*

revolutus 66664 6, 336. 66- 11616616169,494. 661666 dn· 6616 06611 1, 611. 1111
16661111061 1161 fflssffifflm· 1, Ibttffimgizen'cffius 9,639 16111ωέ1656ῗο, 361

49 Ibem 66166 11166666 7, 1661166 G. 1, 911. 3160
1116616161 puppibus 11666 9, 663 affl]

976 Ibero gurgite ffupam 061666 166169.3,1491.191.111
166611 0. 9, 530 11, 913 1,71. 9, 106. 3, 791111
1666116ΛΕ.3,46.6,37.10, 130. 1661666.3,403 “ 13961 3603111111

maes 616.6,1.6.ι,16.1,1616. 6166661633
166616 663. 963. 9, 173. 693. 9, 40. 199. 6, 333. 700. 7, 7, 391. ’.9319111 1110

704. 10, 943. 349. 764. 11, 196. 9, 419. 446 416. 10, 119. 733 111111,

663. 674. 760. 19,364 ibidem (1.3,600 AE.1,116 174336
’666161611,69.10,393.636 1616161616661661616616 m, 16661 6160666310 511
‘ffifflfaed ’zum ’ψ’ 6656666666616666 6666.ῗὲ666114
1661 demde 166 1616 regna· 16116616116666666166166161- 16166619,16

61161 1, 979 66616166 G. 1, 433. 66116 166666666666661-’4
Jamque 6616161, ud 66116 sin· regino 161616 66 AE. 9, 673. Idomenei 11, 961

661611· semu. 6116114, . magna 6161 16666666166666111
16611616 9, 101. 4, 371. 6, 609. 666 term imago 4, 664 {dumus 6616166 6111

19, 676 161116 11611661 3, 964 16661· 1666616113
1616 ’6166669,630.6,703. 19, 166 E. 10, 60. servitum 166161- 16166166161611616101

7 ,340 6661116116 Ε. 9, 73616 66· 919. 661. 66616331
jampridem 11. 9, 43. 6, 65. G. 661 omnes 9, 991. 6611611 ’616616 3. 193 ’

mon. 11.. 1166664111, 6616111436 mmmm. 111

717. 7, 693 16661 gutta· 661 6161166 (1.9, 1611116616661616111111191
6161616613 946 mm 7
6661611661 G. 1,913. 611, 16616 AE. 6, 31 . {gitur Ε. 61316610

630. 9, 103. 4,1.369. 5, 97, 16166661. 66.66661·16661161 199 ⁴

116.6,116.6,166.11,666. 6166. 661611, 166 {gnam m. 61- 6616

19, 917 1611661 G. 3, 934. AE. 6, 193. 16611 6691161616
11616169 ‚ 1666611. 16166 sutun' 61661616,
1661661616 6363 1616 9, 664. 6, 974. 493. 7, 166. operum 61116116 961
6666 o, 400. 6, 666 6, 66. 16, 161. 11, 666. 16, 16111116661611
janu. 666. 661. 6116. 6, 66166616 166. m 666669

106197 « 161616 mmm 6, 444 7, 766. 6361. merum 01964
annum 19166 16167 “ 666666616116161
1611617, 610. 3, 357 161661 66111616. 1161166 19, 314 modi 10, 941 =
1116616166.1,979 16166 sing. 19, 996. 166. 3, 166666961616 61611641
lapidis 3, 476 419. acc. 6, 467. 19, 713. 16666611166116113481 7
666 AE. 16, 691. 166. 116 16 6. 666691. a. 696616. sgnum 66666166
lapyge salo. 11, 676 1, 66. 6,·16. 116. 161, 6, 16666
Iapygis Gargani 19, 947 413. 6, 596. 7, 73. 363. 9, 166661616666661611411,
66116166 161. 611. 11, 6616, 66. 166. 6666166664
161666 4, 30. 396 643. 733 que 1669163191
666 6, 646 66 6, 616. 111146. 6, 66. 61. 61661666. 111166
6616 16661 16, 166. 11, 66616 6, 661 66661611
1661666616 166 (1.1,41 11. 1661. 66 m 6166 new
lupide ⁴, 961 1111666661. sm. 61166 parem 66611666111111691911
16661 9, 369. 10, 913. 6616161 116616 10,969.1611611,935. 19 ,

⁸ G. 4,479. ad 1611616661. 1101. 11196 9,006 {guttum 616 1111111114·τ

11479- 6116166 1661161 1, Idne 16611169,630.6166110, 993. hum! W*

613611661116166616166116 93) mmm. 61616111

 

