5

03 71011113. 105

57. 221, 377. 595 3. 379. 9, 436. 10, 75. 172
m. dag. 2, 139. 5, 0101110001151111050 00,οο 557. 318. 11, 71. 12,, 521
33.9,321.579.12, mariti 4,35 - 74
1100001 0, 5. 1110 1110- 1111111103,297 4, 103 1110101151 jacet 11, 325
001110111150 0, 000. 100111004530 mantuanensem. 0011111100
Ereti 1011101110 7, 10111111115101103, 125 11,340.011.011110(1.1,23.
0000110011010117,739. 01010101110111,254 AE. 5, 72
*mque senumque 9, 0101111010 Ε. 7, 31. G. 3, 13. 1001510010115101111111101111101·
1011110 9, 390. exer· AE. 4, 457. 0, 09. 343 111 10 4, 144
,301. 1110 0101100111- 1511101051011111110110107,23. 100151111001115011.4,343.0000
1ιο mu 1111111 111, 104. Libyco 7, 713. verto 10, 111. 0, 193
1010010111115010.493. 203 1110151111 juris 7, 492
11101 111072. 1011111501 marmorei 0511100 G. 4, 523 maternis 10 0111110 12, 107
11, 34. miseranda [11010101501111110111051.4,391, 1111151551110104,253 .
11, 253. cetera 1110111· 01110515 0, 729 1110115 E. 8, 33. G. 4, 323. AE.
11, 457 11010110 marmoreum 10 1501111110 E. 7, 1, 332. 7, 231. 8, 510. 9,
11110 11,597.10111110 35 023. 097. 10, 315. 12,
111012,212.505.111111. Marpesia 010100 AE. 6, 471 209
110000011111019,294. Μ11111111141151110 7, 750 matrem Ε. 4, 09. 3, 47. G. 1,
1115. 1, 000. 3, 111110.1,5112,000,10.7, 0050000110 1100.
100. 0, 01. 10, 000. 0010, 1111110511 4,47·1.3,000.0,1110
10101010111510 2, 29. Marsis montibus 7, 753 matres G. 4, 475. 520. AE. 2,
1001111010 7, 795. 19, Marsorum montibus 10, 514 439 700. 7971 5, 040. 054.
11111318111181111111 1111111511ῑῖἵο lamm- -1111111Ῐ111190311111111
111,519.011.ρ101.11. 00 2, 335 9, 513 1511110 7, 006, 11, 140. 215. 431. 531.
. G. 3, 455. AE. 1, 5491110550113495 secun· 377 3911213]
137. 2, 57. 1. 793. 11011122. 1101111500. 1111111113.4,01.513,19.74.4,
177. 499. 5 1. 4, 505. horrentes Latinos 10⁴ 237. 516. 9, 50. 9, 210. 392. 434.
1. 0. 57. 314. 499. 1133. 01110100 12, 1. 01111 11010 00· 555
1118 11191111. 11118111 11111111Μ11111111111 0, 111. ἪΜΪ (1101111091ζῇ
11, 31. 311. 111, 253. accendere 0011111 111115. 1011- 9, 01. 217
1111100 ll, 203. demus 1111115589, movent 111 pri· 1001110 G. 1, 103. 2, 19. 55. 3,
m 11, ³²⁹2 poscunt 1110 111151ἰο 7, 0113. 01511100 137. 4, 04. 548. AE. 1,535.
731117132ἰί 1113.. ..131 ,111311 11111111 1111171131
111001 11, 503 toria 12, 13711100110111 12, 12, 64. 515
G. 3, 341) 712 matronae 1100111101. 11, 470
110 AE. 0, 955. 333 Marti 3, 433. 0, 599. 0101010 matrum· G. 2, 23. 3, 51. 133.
,2,25. 3, 5311 2153. 0151151011, 153 13. 7. 357. 313. 3, 713. 9,
1. 373. AE. 1, 224. 239. 1111111111 nom. 011111. [11111. Pen· 279. 11, 473
189. 31911. 290. 095. 11100115011,1101.111111. plur. 1110111111 arbos G. 51430110
1.5,175. 0101700110. 1011 Ε. 9, 12. 10111010 AE. 7, 11111 AE. 7, 53. 10100 12, 433.
32. 529. 392. 3111. 3, 132 abl. 11100 111, 257
19, 353. 13, 197. 11101110 E. 10, 44. G 3,91.4, 11101111·1011101Ε.10,36
34013. 7, 559. 903. 11510. maturare 1110110 111111101οη (1.
1111111100,οι 01111100 1001
,4,38. AE. 1,3-1.110. Martius 11110011110111. 4,71. 1111111010111115111111.1,137
4. 5, 52. 193. 0, 23. 7, lupus 11111500 01010110 frugibus Ε. 3, 30. eo·
9,492. 111102 ’ 1111100010 11111111 Ε. 3, 55 1111110 G. 1,011. 01101101,343.
1. 2, 479. AE. 1, 32. 53. messam 01110 picis G. 1, 275. 111102, 419
B, 79. 5, 212. 594. 790. versant tenaci 1010111013. maturus oevi 11050100 AE. 5,
. 112. 351. 9, 115. 139. 3, 453 73, 01111111 11511100 9, 246
19,197 · Massica Bacchi 11100510 G. 3, 1110101101 001100001001111113,
Nympha Laurente 7, 520. felicia Baccho 7, 720 450
Massicus 11111051· 31100111 G. 0111111111110111115003,455
1101100111.1,302 2, 143. princepe AE. 10, 15011010,43.12,935
1000111003.5,77.111011· 190 Mavors 3, 7119. 10, 755. 11,
AE. 7, 739 massis 1511110 G. 4, 170 332. 12, 170. 332
1110011ίο G. 2, 100 Massylae 001110 AE. 4, 433 1111011ῑο nom. sem. 1011110
0 000110 2, 93 Massyli 01101150 4, 132 1111001 G. 4, 402. 101111 AE. 3,
2, 159 Massylam gentes 9,(10 13. 115111. 111111. 01101110 1,275
2. 4,51. 0, 32 G. 1, 29. meter E. 4, 50. 5, 23, 3, 43. Mavortis 0, 372. 3, 630
11. 4, 222. AE. l, 593. (1.1,493Ι 4, 321. 333. 357. Mavortius Romulus 6, 777.
10. 3, 495. 523. 5616. 33915. l, 314. 3,’111 5, Haemon 9,(135
793. 7, 301. 3, 071. 10, 33. 0, 773. 734. 7, 441. 702. Μο010010 gens 4. 200

14

 

