68 17014118. 198

1161611 i, 471. 2, 164. 107. ’1111111111 7, 608. pstss 7, 111111 membris st 11111 6,
10, 22, 11, 404. 12, 861 486 481
.“ ymber 10, 801 Tyrrhidss pussi 7, 484. juvs· vstsnt 11111111 tuntum 81. F..
tymbis 1 71111111 10, 824 111 8, 28 2, 12. 1111111 111. G. 2, 812.
'suu 11111
1111111111 v. 11111111 ’
Tyndaridis Lssssnss 2, 601 11111111 nisius G. 2, 70. trun·
Typboes 1111111 G. 1, 272 81111111 tongi istique 111111 1112426
Γγρὴοοο 111. 9, 716 G· 8, 477 · 111111211111111111111111111·
Typbosus8‚298 111111 dumos bosts Β. 8, 11111118. 12728
Typbuiu adj. 1111 AE. 1, 666 128 8111111 10, 762
1211181121· '’²⁶⁶' ’8112111811’·1.’.;1“11ῖ.1.’1111.’1”
11111111 12, 76 ’ 1111111111 11, 178 11111111111111.1,’411.ρ1
’1111112408 11111 ii. 8, 60. 2, 81. G. 2, 6111111116,67.111)1111111
fysi nsgns 1, 846 624. 8, 177. AE. 4, 61 11111112,807.111111111111,
'yrii urbs 1, 840. Custbsgins 1111111 6, 261 878. nou lingus 11111 12,
4, 224 11111111 E. 218. 60. 1282 211

yrism 1111111 1, 888 1111111611 11111111 tuborum 1111111164. 11111 11, 662. 12,
,1111111111220 612878 98
’,1112428707747 4,162. vsnusfoess. 161.11110.4,20. 1118111111 12820
3211111111 1, 12. o Tyrii domo 112282 1111111111. 1111111111 bipennem 6. 4, 881.
1, 7882622 suis 2, 628. 7, 872 1111112120111111118.
tyriis 1, 626. 782. 4, 111. 644. 111111 mentes (1.8,811111161 4, 441. 11, 661. 11111111 10,
ἶίίἷςὲιέἰὺω 1, 886. urbibus Ὴὲξὴθλ minan} 122ἀΰ 62211, a. 1228. 11111111 11,

, 111111 . , ,111-

ysio 11111 G. 217. munies bus 8, 148. porticibus 18. 2, 1111111 11111 6, 888

AE. 4, 262 761 12476 vsiidi ictus 8, 412
Ὶ11111 1, 888. 661. 4, 104. 1111111116,611.11111111, 11161111111111022171111·
468. 11111111 G. 8, 807 710 pibus 2, 867. bsstiiibss 2,
ysius, ’1111 Tyriusque ὣ. sununs sgros G. 264 ponus 447. viribus ὢ. 2, 60. 6,
1,674 122688 600.11111116,16.10,294
yso 4, 86. 48 11111111116111 (12621111 111161 pondsrs (1.8, 172 “““
μο111111114,670 sins 8, 118. pss 1111111 E.. 11116111 susem ὢ. 10, 816
yssbsns 1111. soens. sun'ux 12206 1111111 moenis 11, 216

12, 272 16111617, . 1161 1, 686. 8, 667. 706, 6, 11111 il. 240. lsi. 2, 748. 6,
plur. 111111. 1111111 8, 468. 168. 616. 6, 820. 7,24. 188. 288. 6, 788. 8, 282. 609.
113118,607.11118,661. 2422670 24

op idn 11, 681 11611118,4624,228.6,648. sutem ti. 8, 881. AE 8,
= 111 11111 10, 681 1118, 480 204

yrrbsnsns 1111111248. 11, 111111116111116,268 111111 ii. 6, 84. 6, 84. G. 2,
4661111111 10,71 vadimus 2, 862896 881. AE. 1, 186. 7, 666.
yrrbsnsssciss 7,426 111111 11111111 1, 112. 128. 6, 882

1111111112686 221. 8, 21. 9, 718. 111808. 11812142

ysrbeni gen. segis 8, 666. 678 1111111111 0. 1,874. 2, 486. 4,
pius. 8, 608. 10, 787. 61111 vsdit discordis 811. 8, 702 277. AE. 8,112. 4 166. 2
11,11.111.111.11.11, uuus, 1 1111111111 111 ’ ’
733 vsdo lt, 628 11111110, 120. 11, 622
ynsbsnis sb onis 7, 647 vsdosi sunnis 71111111 7, 718 111112, 68. itii. 612. 628
11611111126976111111 vnntssnsnimttmvtcinscss- 111111 G. 1, 2642402
μω 11111Μ1111118.8,28 vatium Ε. 2, 146. 606.
1111111111 squitss 11, 604 vsgsntun 0. 8, 640. AE. 6, 660. 624

yssbsuusn 1111 1,67. ‘ry- ti. 886. sves fluminibus 11, 11111111 sti dous 11, 222
brim 7, 211111111111111, 278 111111 putuit 6, 610. 7, 886.
617. 7111111111 11, 727. 1111111 11 11111111217. 12782

11111111 1280 tots urbs 111111 Dido 4, 1111 suun [1111116112
1111111611 susi-nitus miss· 68 12. superstitio 8,187. 1111
nurum 11, 171 1131112670. 6, 260. 2, 806. fenus sgo 10, 681. 161. sps
ynsbsnus 111111 G. 2, 164. 12476886 28621111. ptus. 1111111
1119111111ῗῖ ²6, {331 1111111 {2 11111 11111111. 118111111111111111111
Mezentius 10,888.111111111 2788. 6, 788. 11, 28. 827 8, 269. 1111111111 11, 814
12128 nisan, 111111111111111111111 1111111611 12688
yssbsnus 111111. prop. 1111 11, Ε. 8, 88 usus Ligus 11 , 716

612 111111111111111111 111. Μ, 1111ρ11111111111111 nosses·
1111112682 664 ⁵ 8112822

 

