60 INDEX

11111 0, 307. 111111 6, 648 11 dignum 011 8, 366 cuique 0111111111 1111.
61111 ne qun 11111 vento 3, 61 ens crinem componens 4, 111111,111.11111111
473 648 11 10, 163. 11111111
6111 sibi 11111 mandat 8. 5, fingere 11111 G. 4111. 1111 111111113811111111,
41. lupum 8, 07. quod po· tibi 1111111111 ne putes AE. 208
1111111111 618402511111 8, 42. corpora 11111111 8, 611 11111. 11116111111111.
6151611556616650856, 407 6116114 11111111 mendaeem 2, 4905,ΙιιιιιηιιΐΙΙΙΙΙΙοι
figat humo 1111111114, 115 111111 11ςὶ111ωὸ6686
61111111111 Ε. 2, 20. 611111 fingis quem 11111 invisum 11, 12, 773
G. 1, 308. illum 1111111111 364 611111 11111 nomm 111111
AE. 10, 343. donat 1111111 1111111111111111111.1,111. 6, 802
1111111 10, 701. donn 6111 eorda premendo 111681. 611 1611161112401
12, 768 1ο pavidum 11, 406 fixit 111111 1111111111 1111
6111111111 1, 687 fingo 18111611611111 1111111111 1111111 4, 7611116111·
figi 1111111111111111 11, 84 3, 18 lum 6, 664. lega 11114.
figit· 1111116111 6, 616.. 11111- fingunt 1161 somnia E. 8, 108. m 116 pectore 11111
5151661516 ῗιιιῗιιὲωὲῗοιιῗό, 61ῧῗ416ἔ5165ὤὲ7ῌ2. G. 615561111110301111118
3821111611111 1111111111 1, 403. AE. 11110. 620. 4, 1111111111 12611
11111110,778.1111111 11161- 211. 111, 710. 111111111, 611111116111111111111
11111110,883,1111115111111- 616. omnes 1111111611 11111 482. 6460 ,
111 12. 70 1111111116130111111161- fixumnnimopmpoeml·
figite 61111 11111111 3, 260. 10, 11116111 7, 460 telum 12, 7
104. me 9, 403 611111 bellum 11, 1166111111 61111 11111111 2610 1141
figo clypeum postibus 3, 287 12, 880 in virgine ¹¹1⁶⁰⁷
figunt verubus 1111111 1, 212. 61111 1, 223. 2, 654. 6,38410, 61611 (1.2,93
11111112, 400 116. 682 12, 703 61111113, 100
figuram 6, 440. 12, 862 finitimas urbes 7, 640 6181111 1111111116ὲοε
6 111 10, 641 11111111111111,171 200
65Ξ1ἔ1111111111118111110, 61311111 6, 106. agros 11, 61ξς11118ξὼ6, 1711147471,
6111 7, 11. 62. 8, 386. 12, 611111111Μ111111118,560 61111111111111161114
605 finxerat 1111111111 8, 726 flagrans clypeo afflst
61111111 G. 2, 180 finxit 8111111111 miserum 2, 80 167
61111111 3, 207 firmabunt 1116111 611111 12, 6111111111111111110311
finus Ε. l,325.751. 6, 866. 212 flflgffinlem 11111111ψῖ11
7, 50. 640. 736. 781. 8, 104. firmans animum omine G. 4, 1111117,307 ,g
111, 1, 11. 111. 1ο, 114 111 flagrante. ...1111101
100.11,700 6111111111111611111111160, genu 1266 Ἴ
111111 111 na 1111111 113110
6111 G, 1, 80. 2, 847. M, 61111111118.3,200.1111111111 ffin ,
333. 358 pignore AE. 3, 611. vestigia 6151116611111118171 ,
findit 1111 G. 2, 363. 11 3, 6607 61111116,830,10,07 1
via in 1111111 partes Ε. 6, 61111111 11111 Ε. 4, 37 6111111116
640 6111111116111 AE. 11, 330. 61111111 11111. 018111
6161111111111 111111110206 161111 urbis 11, 466. 61 386. AE. 2, 3044314411
61611111111116111111111111 111 1111111αωὶ11 12, 188 66 6, 226 11611111
(1. 2, 70 firmes 111 numina 8, 76 10, 270. 111. G· 6544 ff
1111, 111. 1. 1111. 1, 111. 111111111111111.1,17 ι, 111, e, 111. 1, 1111
3, 718. 5, 226 firmo pectore AE. 6, 261 2³2

6111111 611111 his 11111 1, 100. 1111111111 E. 10, 71 flamme gen. G. 4. 414 4
611 laborum 1, 241. rebus 6111111 G. 1, 266 2, 587. 4, 23. ⁶2⁶· 161 1
11111 3, 146. juxta Oceani 6110163111 1,144. 11111161. 6411. 1111112444·61ιί Μῖ
4, 480. imponere 111111 4, 6,181 7611. 4, 670666]
630 1161111111 adventabant 6111 11111οο, 413 6111111111 l, ¹⁷5 ²53²*
1111. imposuit 111111, fistula 1. 1, 11. 1, 11. 11. 1, 111. 1111. 110171
111. dedit ore loquendi 6, 11.1,31.11,11.1.1,111 1, 111 11, 1. 111

76. prima 11111 7, 118. ubi 611111611111111 G. 2, 7611· 214 . 55
portusque tenebunt 0, 08 nitus 4, 70. 188. AE. 2, 200. flammantia 1111111 st* .

611111111111.1·111111111,830. strepitus tectis Mssb. 61· flammarum 'mam
6,110.111.111111111,661. 1111161111111116,620.11- 674.11,114 „35
670. 3, 140. 6, 82. 6, 346. 11111116220. 1111111111- 61111111 1141161 ι,1
1, 111. 111. 1111. 111. 11, rum 11111. nouo 1, 111. 111. 111. 1041111
111111111111111, 1111. 1111 1, 111. ca· 511. 1, 111. ww*
3.11111111,68 11611111111111117,410. 400621

finge 1161111111 AE. 7, 438. vesper Olympo 6, 280. 111 6111111111 11111 W

 

