, or 1161161. 11
6116161111, roo 1111. ,61166111 1, 61661616. mou

cohibete 12, 314 160. , 798. 8, 216. 306. 698. 6611116616 plur. 6, 662

cohors 7, 710. 11, 600 ΙΙ, 319. 902 6611116666 0. 3, 29. AE. Ι, 423.
6611611660. 2, 279 6611111116 E. 7, 68. 9, 49. 0. 2, 11, 262

6611611113. ll, 860 273. AE. 6, 287. 7, 726 columnis 7, 170

coiisse 12, 709 66111161 661 pluvium t: 9, 63. 661661 insultu 3, 212. 6616 7,
1611 3, 30. 9, 801. 10,410.462 colligere 61166 Μ, 16 684. 6111661, 1616, rupen,
colu G. 2, 242 colligit 1666 ignes 16161166- 61ο61616,666166 7, 714
661661 1, 30 166 G. 1, 427. 66 ungulo in 66161616 verubus G. 2, 396
66161 E. 2, 62 spiram 2, 164. 66 16 suu 61· como ring. AE. 6. 666

66161161 AE. 4, 468 mu AE. 10, 112. 1166666611, 6616616161.1,4113.477.2,774.

6616611101, Ι21.4,118 671 3, 48. 4, 280. 6, 48. 12,
1111111 11. 1116. (1.6, coc. AE. 1, unffi 11161, occurro.
· , 664. 716. 2,218. 236. 792. 66661111 G. 4133616161.
611 3, 77 3,661.6,700.7·,361.8,438. 2, 629. 161111 7,60 -
11166611,786 10, 136. ΙΙ, 11. 12, 366. comus 2, 684. 3, 174. 406. 4,
16111 tems ll. 3, 61. 616366 lasso 666616166611666611- 6911. 7, 76. 363. 394. 8, 274.
anguis 0. 3, 430. Penates 616611 1119,436 277. 10, 726. comm 11116
hospes AE. 6, 63. morem collocat 116 juvenem G. 4, 0. 2, 368. arborio AE. 12,
Romu 7, 603. virginitatis 424 209
0tt¹0⁰t²ltl¹'tl¹’⁵⁸⁴ 13111121. lucullum ⁰⁰3llsslm2⁰l³⁵lllli2iffil
, . , , , .
ulitur 16111 111.3,13.1611116 10, 639 61111112,413
3, 73 collucent 66166116 6161111661. 66616616166166111161 0.3,312.
olla G 2, 642. 3, 167. 421. 6, 416666 9,166. ignibus 6116166 AE. 3, 468. 16166
4, 337. AE. 2,381. 7216, agotum 16661612,6
277. 6, 419. 7, 394. 701. 3, collucere 16666 4, 667 1166166111 collo equorum 12,
660. 9, 331. 10, 338. 11, colludere plumas 16 6661 ,0. 86
497. 622 692. 829. 12, 86. 1,369 comes 61611. AE. 2, 704. 711.
722 collum AE. 6, 669 3, 613 691. 6, 169. 166. 623.
’1161166 661111 9, 434. 6666 collustrans 6166111 cicli 3, 661 8, 466 9179223. 111, 321.
G. 3, 486. membru Ε. 4, 66161661ζ616 calathisve 111· 11,33.12,386,1616.6,292.
uoluam 661116 ,306 tenuique Ml· 448. 638. 11, 479
11666661 16116 3631666124, nervo 8, 409 corneto> plor¹ G. 148813. 10,
664 6616 11111. Elysium 6, 736 272
1161161 61661666, 226 6616666111 E. 4, 20 comitabor lugo 6611166 4, 643
ttapsoa 61166 9, 763 ’ 661661 plor. 9, 4. 0. 1,126. 6661116661116661616661611·
1161161116 putrem 8,684 2, 386. 3, 288. AE. 1,12 1111111111,62
1111111166 61666 6, 774 6616616 G. l, 607. AE. 7, 63. comitante 6616111 2, 40. 370.
116116 signis 11, 617 , 410. 422 6, 76. 6616 11, 498
le 8, 604 661666 0. 1,299 t comitantibus 61111116 3, 346,
lecta 616116 tuentes puello colonos ΛΕ. 4, 626 611616 4, 48
, 320. 61 longo 1611166 661610. 2178266. 4,264. comitamur pastorem 61663,
66111119,63. 16 figuram 6641116111 f 660. 66666 gressum hcrilcm
11116 furio 12, 862 6616111161611160.4,293 8, 462. socios 10, 126
1661111 61 ulto 6111166 G. 1, coloro tt. 8, 73. G. 4. 336 comitutu 1616161116 Heleno 2,
u· colorum 3. 9491246611. 680
661661611Ιί6 pubem AE. 2, 6, 272. 9, 660 comitate 66661116161.10,186.
98 6616161 E. 4, 42. 8, 77. 0.1, ’ 6661116164,216
ectu 61111661, 143 462. AE. 4, 701. 6, 89. 12, 66611161616, 863. 7, 681
’6611 undique 611111612,4Ι4. · 69 6616116166 666 Achate Ι, 312.
5829689 661611 E. 2, 17 1161 meum 6, 112. 166116
ectls 1161111116 t, 170. om· coloribus 0. 4, 306. AE. 6, 609. 6661161119,48.616666 66161-
11661 6641113743 , 7, 191 · 166 10, 194
ctos agrestes 9, 11 coluber G. 3, 418. AE. 2, 471. 6616116166 Dei, 11616616166116
6161116616616610. 1,]14. 7, 362 court. 12,336
Μω- 3, 36. 1611111 3, 236. colubris 0. 2, 320. AE. 6, 419. 6661116111 2, 86. 778. 4, 677.
22„ acco „ · 1,.166 6, coo. 1, rm 6, ooo. 6,
goa-at 61611616 nodum AE. 66111616 111616 0. 2, 632. 161- 177. 277. 649. 766. 776. 10,
776 ¹ 1661 AE. 1, 632. 3, 166. mo· 779 11, 642. 12, 362
'gerit 61116666611619. 1991716θῖ comitentur 66611 0. 1, 346.
327 - 66161 vestros 11666166 12, 778 supremum 1166616111 AE.tl‚
zi! ,e 16 6161613666εῶ. 6616166616116611,16.1)166616 61
'491 · 11,843 66611661161166164,123.140.
m 1, 419. 8,361 6611161116 nom. 6, 213 162. 6, 301. 8, 62. cccco·
Ε, 9, 7. G. 2,113. 179. 6616611146ρὶ6. 2, 616. 6, 190 1611610661 2, 1816661161

 

