01 wonns. 8⁹

1666613, 161 1611161661111111113,668 16711611 11111111 μου ,789
6111116 vomere 1111613, invitum 111611. me 161114 374. 16168. 3, 767
76 eoqnem 16 nbi 6611118, 161617, 67
ertit coelum 6611811,11,364.6161.166611,78.16611611111117,1116
17 66166117,611.1666111669 116161616636683711616·
6011116616, 776 496 115931
16 nem. soem. 116 166611 1611161, 6666161661 11111111 166111116111113 671
111133831661. 1616 1, 11611, 387. 611117, 647 1666116611611, 746
1 111161116664161.1611161616111166176161116 ,1611683611 8138114,
166111116154.616116 17, 8119 366. 371. 6, 173. 7, 719.
6611119, 136 16111666116616 6661 'credero 1111
116 beiio 6611111 6, 11116111. l, 774. 61111. tepet· JovemG. 1, 176. AE. l, 78.,5
118 oeqnor quaetimue 18111, 773. 4, 7115. 6, 684. 7,
11116 66161 17 191 733 139. 8,363. 9,63.674.17,
61666, 366. 6, 793 16111616611661161114493 496
1111ἓ11ἳ6ἑι366161111111161· 1611161611611ἓ ὲξέἓρὲ 1οἰ11ᾩ663ἓ1613ξ3Μ7794
6 unanimos
1111111111 11, 366 6661161111161161161616 161118.3,611.4,49.11.3,
ctum quem dedit clypeum 1111116486. 186661611116 181. 337. AE. 1, 47 46. 394.
neta 61611168,113 3, 681 4, 91. 331. 614. 5,
1116666616166161611666, invitent 66111161 116111 G. 4, 756. 776. 747 764. 6, 686. 7,
11616111ςί1 E. l,1t 1119 7711. 787. 3118. 6, 3111. 3711.
det nohis regin eoeii G. 1, invitet ripn decedere 1616114, 381. 6411. 9, 664. 673. 116.
11616611161611111166· 73 111, 667. 768. 11, 901 17,
1111166616 AE 4, 734. 161- 161111161111617,4117 144 747. 849 876
11166111661611611111861111. 161116 1116111111166101116· 1611111117, 346. 436611
661166611661616111666 ,166616666161181111,)16,1ρ111,1ῃ116,16111,1611,
1111119666 11111,11611,1616,161ο1616,
6166661. G. 33711116 1613116116εεὶ 6611116116, 460 ipson, ipsum, 6611116, 116
1111616 111 ’166116116611- 16111111 gen. 11, 841.61111.66116661111161111616
16 6616611161111 ,8. 4, 16611666114, 659 1611616611μὶ G 1, 467. AE.
111. 6111. 7,,911 rumpantur 166111 omnes 6166661617 676 1, 114. 7, 717. 6, 535. 6,
116 666168 7, 76. quern 166116161· 111733 396
zitnbntgiorinTtit-ni ,8. 11, 1661161 6161111 ninom G. 3, 1161111611661111166661611666
771 111166, 55. 416. 8, 484. 11,
611616111611111616 pulsus inumbrant 16161 obtentu 1166 747
ι111 16, 667. 611 invidiam 61118.11,66 11611. 4, 736. AE 7, 316. 413.
11111611616611, 619 inundant ennguine 161116 10, 676. 4, 178. 5,464.706. 781.
61661166111111611616116· 74. 11, 387. 6161111661 17, 6,4,117 7,467. 6118 6, 7311.
5166117769 786 5111. 9 44 67. 694. 736. 796.
611161)ι116187,311.1.1- 161616116111111146 7116. 111, 147. 11, 733. 443.
“pampineas 1611111111 nm· involvens nox 11161111 1111616· 17, 1118, 577. 946
1617,68.116116611(1.,.7499 que noluntque 7, 761. 11168. 3, 81. G. 4, 463. AE.l,
611611 18. 6, 641, 16 66 61616111 1616 1116611111 11. 1311 7, 534. 7, 16. 376.
1116661611ιὶ 11, 43 navemque virosque 1161·34·1.8,411.9,66.688.16,
1111616116 6611111166.1616,336.11661111116111-716.813,11,467.17336.

,168 116616 1111611189, 6161116, 111. 111661 cadet 17, 494
¹5 689 1166114..,761860.111,768

616611611116616611111,1616111116 infinit. Oly tn pum 11611161, 76. 4, 637. 7.564 17
63 osse. 6111616111

11611116111616111116111 1616111166166161166183,11611..7,14.6.3,167.4,
17376. 11166116 616666 198 6311. 18. 1,, 67. 7, 381. 677.
,74661111666116111161816111111616166777 694 3, 3116. 4, 197. 5, 461.
5,746661111116116111111 161611116616111661616110 7, 7, 3116. 446. 766 8, 437.
17661. 111111. regna Diis 3666616616 16115166 111,,8 9, 464. 111, 763. 11, 347.

,746111611616161116116- 753 778. 17, 314. 6911
1616 17, 67 161611116111116111 6 tergo in 11611116161666 discit 16111111

isnin 6111661 6161111 (1.7, caput inque 1161116161 17,11.3,737.6611111666111111
19 18.4,641. 161616 631. 7117 161111 AE. 16, 71716 161·
1111161117,793.1611616 9, inurunt 6611161 6661616316 6661661611661611) 164
3411161611177 111113, 166 11616161611111. 7, 7117

1111611 Latinos 11, 688 16611161111616 cingitur 18. 7,116611111116161 pet· rupes t’..

1116611111, G. 1, 76. fines 610 10 69 6161111611.1,467.
1166161118, 169 1661111166166111. 1, 88. 66661 AE. 3,·674. 4,310. 11661 G.

11,(161116116111111611616 6161616118.7,647.111161 377018ζ1ἑ9246811611ΐ11ἐ
871 Apono 11116164, 144 16ὁ6661116211ἒ661167βθο 686 6111111 1111896611 ieet·

 

