193 INDEX ⁴

8,361.9,799.10,433.11, 1111611111.1,330.13.1,46. 111-61116363 E
13 34. 146. 373. 630. 13, 33. 443. 3, 416. 3, 673. 6,ι 11111119,460.13,671 1
111111 1111, 11. 11111111. 11, 1111111111, 11111
turbabat 11111 oyem ,11111 330. 631 1111111 3111111166 11111,
, 11111111 1116111110,663.13,913 111
, 111616111111111 1111611111, 111616.3,410..3.1,611.10, 111-1111 1111μαὶ13636
419 666.1611111117,378 turritis 6616113331
11161111 161191. 6,163. 6, 1113111116111611131111111 Ε. turtur ,1,69
76313343 1431111111111111111111110. Tusci 1111111161. 16199
11116111,ρ11611111111161111116 1, 316 ' ’111111 pingnium&-
11361196111111111 ωῗῗῖ AE' δ’ ⁵⁶⁰' ¹¹’ '⁰³' 1611621116, 111
11161111 tumultu 6, 367. 9, tumn 11. 3, 179. Β. 6, 660. Tusco 1111113,47311,311.
8117 10, w· 310. 11, 699. 61111111111οβ03
turbant! 11111 Turno 9, 633 630 Tuscorum 11611111 13651
1116111111· 1111111 1111111 13, Turne 7, 431. 696. 3, 633. 9, Tuscum 1161111111. 1413
mo 6.10,614.-11,363.603. 111111 1661113497
1116111 3166111 11116111 111111- 13, 33. 66. 636. 663. 373. 111111111141111661113161.
wmmim‘mn' 118ιῖ11 111 111 1111111 1ῗέ ’1611111ῃῖῗὲ
· 1 · · · 1 · · · ¹
1116111111611111161·1.111111 9, 73. 103. 649. 693. 10, me 10, 306. 1111111
13666 143. 161. 466. 463. 473. 11616111,1616,171.1111’1
1111111 tubum 11111 1111 111.11,111.111.116.113 mmmmm&
11161111 sedern 13, 633 13, 46. 97. 133. 343. 469. 4, 88. 1111 3716116161
1116111111111 1111116111111 1, 697. 697. 766. 361. 366 1111111117633111111669
6161111111 1111111370 Turno 7, 366. 371. 734. 8, 11116111 6, m. 1111111
11116111 nom. foem. 11111111 17.9,116 136. 337. 363. 9, Ι166111111111111,111
1111111111 11, 3. mentem 691. 16346116441101. potantum!
1111611 13, 639. 111111. plur. 639. 11, 133. 333. 371. 336. tute apa G. 4, 193
procellis equora 0. 3, 363. 13, 9. 11. 33. 71133 333 1111111111 111111 1116361
11111161.6,663.9,13[ο111 363. 639. 799. 913 tuturo domanam
6, 76. per 111 Ausonidum 1611111167, 434. 8,614. 9, 3. 11116111111117,46
11, 397 733. 10,76. 306. 440. 471. tutatur 111111· muln&
1116111 11111111611111113, 616· ⁶2⁴· 666- 11, 178331. 343
43611111. 11111 11, 616 896. 13, 143. 317. 466. 667. tute 11111 Ε. 3, 33
1111611111 1166101611111611, 646. 663 11111110. 4, 111
796. vulnere 16111111 13, 1111111166. 413. 476. 677. tuti subeuntibus 1111111
160 783164. 28. 47. 3611463. 61. recem 1Ι,687
1116111 gen. 6111111 13, 303. 636 636. 619. 673. 740. 739. 111111,11611111111111111111
1111111111 3, 4. 11, 461. 797. 806. 10,30 463. 479. 113, 377
ξὲἕᾞῗῗιιοιῖιῦῗῑῗιῇηιῗ (1116ξῖ 3¹33? 1111121ἒό317 1611 1311311111 Ἓξ 13111311
1111111111 ’ 4111111111. 1111. 111 111
111611111611117,767.9, 134 330. 334. 337. 363. 330. 1110 16113, 333. 1111111111
turbatos 11111 11111 111. 111. 111 111 111. moa 111111 11. 1111.
turbatum 61111113, 333 614631666. 689. 739. 743 adj· 11113, 78
1116111111111 3. 1, 13 776. 937. 943 tutos 1111111111,6711116
11161111611111 AE 3, 67. ego 1116161111111111161111111111111· 1111111119,43 ,
3,314. pacton 61116133, veru 13, 611 111166161111111111111111
39.1111116111.111111111,470 turpantem unguine 11611161 3, 630. 11116,3ω1111111
turbavit 111611101611 3, 449. 10, 833 1, 391
1111111111111 13346 111-1111111110.3,63 1111111111111111111111116Ι
111611111111111316111103, 111611111116111111.6,41.11· 1, 343. 11111111 1111-
ιοσ 1111111 G. 3, 60. podagra& 313 11116111 111 61111116
1111611 omine ΑΕ. 3, 407 399. 11111 11114, 96. 1166111 333
111616111114111. 1111114, 6396 71611 AE. 3, 73 6411 l*-
363.1111111111111111111113, turpi 111111139611613, 431
333.11111.11111.1161114, 667. 111-11161111 111. 3, 400. Tybridis 3, 600. 7, 96 .
346. 16116634 , 1111161114,194 ’436
turbidus 111111111611 (1.3, turpia 1116611616 6,363 Tybrim 3, 600. 6,337971·
137. 11111· 3, 360. imber Ε. 1611111111 (1.3,4413111- 87. 3161343 333111·
6, 696. 13, 6361111111 gur· 11ὣ.6,376 393
11111111 mnff'mpuffl'ss 1111. ⁸12⁶, 11ἯΓ41ἅ111ὲ11ἓ11. ⁷' Μ’ ’111Ἔῖ Ἢ mm& 1.
643. 13,10,671..111111111’111 11111611 (1.4, 136. AE. 4, 187. 330
111111Ιοτι 1111111
7 · 1

 

