166 INDEX

151189, 361 67. 7, ltu. 301. 476. 547. 7551555 555155 10, 319
15515151 deor 51 uidere ΛΕ. 4, 578. 8, lu. 136. 161. 397. Τ551111ο1155516,483.363
5181551561555 15515155 9, 58. 149. 248. 10, 22. 28. 1551551116.4,289
6612155515 8, auium 910. 309. 690. 866. 11, 1551551555Ε.1,359
5555511515221555112, 116. 168. 176. 449. 585 Theseu 6,122.3ὓ
551 suu.. 515. 15, re. 5055111. 1111155, 515
15115155111111156555551555115 824 Theseide athe-nm iij:
76335151155111511511512, Teucrum pro 7555151551 1, 381
496 · 655 2, 281. 3, &h 4, 48. 75555556155622361
testentur 51551551 longum 3, 637. 51592075 690. 5, 562. Thestylis Ε. 2, 10. 43
487 7, 344.8,151,9,5·1.220. 7115116111. hm
15155155, coryti 5. ner 111555. nee. 15555. 551. innumerae
15511555 illie 511 15151551 8, 1278562 75511511. numm
19 7555155 maximus peter 3, 15155157,581
15511515 51 AE. 6, 789. tue 655· 1118 thiasos 8. 5, w
115 9, 288. 5515 uerte 851 12, Teuthra optime 10, 402 Thoantis 115415
176 Teutonico ritu 7, 741 Tuon 2, 252
55515151551555111155· tetanus 55551 155515 11, 15515 suspendi 11555 9418
15 8, 599. utrumque ceput 4, 326 1551555 10, 337. thet&
367. 1155151151 815. 5, 803. texetur 655155 virgi G. 1, 15515555 7,633
51511151 hue ei 516515 9, 429. 266 15515515 12, 381
5551155 12, 201 1515111155 senes 2, 371 7111555 12, 336
tutior 5555111111 84391 11, 15151116511511511511554,260 75155553,14
569 151615 caput Ε. 15681. 555 75155151 orphen 1, tii
1551561115 G. 24034464. AE. di Cu 551151 protexerunt Cieenuefflhffiffiqui,
1, 605. 2, 441. 9, 606. 11163 565. 9,·49
514 = 15ιί 155 1515515 12, 148 Threicii 51155111 6, uu
1515561155515 pulnueumvoee teuit 1115511551 5151555 810, 7555111155 Amnem 15118
8686 11515155 1111555556, 71. renui ferrugine 151 G. 7515151551 8555515 588
686. 1151115111 10, 823. 551· 1,467. 55515155 pieresAE. Threiciis sagittis 5,OE
111111,859 843050511151515151111555. 7515151515ςί 3,51
,15151 eruor 10, 727 , 155,15.ο11511155155 75151515511556555515851
ἵεῑὲῧὲη portum 5511551 (1.1, 9298. 1155555 1151551510, 10, 350
,55555551571561111 424 751515155555516556611
9136 15115 vimine eiveerie G. 4, Threissa Harpalyce 1,·111
tetigitte (15511551 tyranni 7, 34 Thronium 10, 763
266 1551111501 donis AE. 3, 485 75515 51111115 G. ¹2³³
tetigissent 551155 1111515 4, 1551111555115552, 185 thure 11. 8, 65. (1.1,576
668 textum iter perietibus 5, 589. 8, rufi
tetigit captive 555115 heri 3, 'niynei 8, 526 15515 1, 491. 11, 481
324.6551553,662.111515115 texunt 5155155515111151 F.. 9, 1551555551. [5515. 555161
pluuiis 4, 269 42. iuges AE. 6, 593. 1515 117. utut. 5151. 655561
75111555 rupes 7, 713 trum uirgis 11, 66 976
tetrum 5651515 3, 228 15515151 G. 4, 374. 18. 2, 603. thuricremis 5115 4, 453
Teucri gen. sanguine 1, me. 4, 18. 660. 6, 94. 280. 10, 1551115111 555515 (1.8, iffi
4, 230. 6, 500 648. hir. 498 Thyias 514312
115111.2, 262366. 451. 3, Ι1551511115 (i. 4, 189. AE. 7, 7555155116891
352. 4, 397. 6, 181 293. 97 155155156431
155510. 5, 515. 9, et. 35. traiano 5 teau 55155. τ nume 5. 1555
610. 616. 616. 779. 791. 10, 392. 496. 6,397. 628. 7, 263. 7ἶ51515155 155.. ῃ. 5·
ne. 1555155151, 15, 5, 5155, 554 nene
117.19³.642.738.744.770. 1115151555 10, 389. 649 Thymbraee ln affl
836555. 1, 562. 2, 48 5, 474. thalamum 6, 623. 7, 388 ’1515115115 111. 0, 124
9,114.10,430. 11, 164 1551511151 5, 591 thymo Ε. 6, 77. 7, 37. G i
7555115 2, 26 755115 Ε. 6, 2. G. 4,338 169 181. 341. R. w
75115115 dut. 1, 299. 2, 247. 6, 7551551151 61. 12, 341 7555151155 12, 355
66. 6,54, 90. 7, 166. 276. Thapsum 3, 689 7555151552, 3211518
369. 388. 470. 8, 661. 9, 755115511556.9.91 thynum G. 4, 119. Qut-¹
130. 719. 10, 8. 44. 62. 106. 7555555655 Iris AE. 9,6 Thyrside E. 7, 16
158. 612. 617. 12, 189. 629. Theano 10, 703 7515151669
att. 2, 427. 11, 279. 19, 15551116,288.664 Thyniam 890
60 . 15551115 1, 427 thyrsos 1561155 Β. 7, aet
7555151515 1,38. 39248611. Thebani 65 11151159,697 115155 7, 347
626. 2, 826. 6, 7. 8, 470. 9, 755555 4, 470 . Tiberim G. 1, 499. :Risi
8061158313ῧὸ 7551511155 9, 076 Tiberine 51115 Ε, 1, 1861
Teucros 1, 304. 625. 2, 571. 7551551110,126 5515 tzur

747. u, 186. tutu. 6,·11. Thermodontis 6551155 11,659 71551155 6, 873. 7, 797

 

