01· 170603. 61

16 G. 67. 147. 616, 461. 6616616,463 6661111616, AE. 6,464 6,
7361646166666604. 61161116610.6,66 664, 6660
636, 671.11,66, 646. 361. 61111111 11, 6, 674 6611116 6,660
446. 16, 346. 666 661661 6, 340, 6, 636 cedo 6, 764. 16, 616
1111111 G. 3, 346. 4106, AE. 6616110466 6111117, 173
6, 176. 7, m. 6, 66. 607, 6616116 AE. 6, 63. 6,646 16611161 G. 6, 446. 3,414, AE.
6, 366, 371, 466. 661, 10, 6116111116,16 7,13. 11, 137
146 640. 11, 66. 616. 16, 6116111116, 674. 6, 466 6661613,147.1,677.16,661
166. 466. 444 61161611,666 celano 6, 611, 1146 666. 713
1.11(111111(1 6, 313, 667, 61161111 6, 66 6611116143
166. 6, 66, 6611 6611 AE. 6, 666 6611161111116116161111116,417
61111111 11116, 776 66116 0 1, 164. 6, 463. 4,44, 661116 16 (61161116, 466
1,1111116 416 AE. 3, 69. 6, 4616, 66 6611111161111111, 361
’1111111614 4, 660. 6, 466 6611611116 661661166166, 76
766, 666, 6,476 66116111 16, 413 celebrabit 16640
uuumG 1, 111,111.1,161.1,016111113,616 661661161113, 666
96667.6,666,,6666676161116,66113,646.666,466. 6616611116603
11, 111 111 mua 1 116 6611111111, 111
1111116, 376 Cauri G. 3, 366 6616611166, 603
11110 6, 66,,4 661. 46613. 01111111 3, 676 61161116(61,766.6,173
166646611764, 616. 6111166. 1,...673106 0,,46116111111111,666
666..7666,163, 666317. 6116166666. 36644 661661611616,66
664,766.,6661..,.366636 170.660.6,,6,666466166166161117,(166
377,,661 6,611. 677. 666, 7,]67, 4661116113 37616, 061610. 1, 166
666614. 763, 10, 61. 616, 61). 11, 176. 666. 361. 4601 CuleuuuAE. 7, 766 ,
3191164416 613361 66111161,66,,7663 1161616466
causum G. 4, 367 AE. 16, 667, 6616166114, 641
660 1616161111, 666, 6, 666
6611111663.. 6, 66 1611116116, 66. 16, 646
661116οἾ6466,,..,3440611161616161,3676,666.,6676
atemi,497.2,muuo 6,,4146166,3,.,66461, 661616111,166,6666,60,,6
4 136 6, 76. 11, 476633. 67666466. 716. 64616, 176, 666. 16, 663
669 3666616 611116101,661..0,1,167.
11111611, 466 6661613,634,166,6,166.606. 4666 6711, 367. 6617 6
11611617, 664, 6, 663, 10, 6,471,11,666 6116. 7, 616. 611. 11, 6031
19411, 433. 16, 664 6161161116, 4, 366 766. 16, 364666
1111111111 0. 3, 666 66111111 11, 166 6616113, 643. 6, 611, 446, 466
numism. 11, 666 6111111 1,61.16, 764 16616
Ι11111163, 666 061111101664 6616111111 16, 667
ξ,’11111117676,11,646 0661οἾ114 661161,.663,76,,,6674664
1116611 6661611661.3,,,,,66063316 7,646.3,,,66366610,61,
Ι1111111113, 670 476. 11, 677 661
116116, 361 6661661111111, 6, 66, G. l, 467 66116110 3, 663. 6, 436
1111111111 (1.3, 646 6611111116 AE. 11, 166. 346. 666, 6611114, 367. 6, 107
1111616163, G. 3,406. 666 6611116, 666, 11, 660
⁴³⁸ 11111116.1,111.1,111.111 661111111111,316,1,11
116Ε.1,16.6,16,0.1,366,16466 1611164176. 1160666114,
3, 166. 4461. 464, 111, 1, 6611111616 G. 1, 376 16, 6114
616. 6, 366. 3, 161, 666. 6, 1661111111111.6,664 6611111660. 4, 670
446.616.,6171.663,,6633166611110,4,666 (16616611666161611
971606, 10, 476. 636, 361, 6661111161 6,340 0611161116ιο.1,466
1166316663, 6661111116 Ε. 16, 70 Centauro magui AE. 6, 166
116οἾ1 117. 6,,361 3,666,(’6616111110.4,177 Centaurum 111116
31663. 467, 6, (166 06611ρί66 16. 6, 61 0611611116166. 167
1111116. 7, 636 Cecropium G 4, 670 6611611110, 607 ,
11111110. 6, 460 6666111111,16,66.111.3,166 1611611111, 666
mummium& 66116111.,.763Ε.,7333,6,6611161119,166
11110,,1666.3,67 666,,11366,16,17 661116οἫ6433164363 E
1111663661 61666,417,,.6667,666 61116.1,666.416634,7.06
1161110. 1, 136 6611611611 16, 766
1161116, 331. 4, 33 6661116110,766
6611161111. 6, 46 61116111 G. 1, 616
flumen G. 6, 440 6666111611 A’u 16, 364
11661111 AE. 4, 367 6666111163, 466. 11, 766
116103,.66,11.6,616 66116160.,464.ὢ.16,-647 666611111666
61166411 16,14’6 6611611110, 4636
1111111116, 11, 616 eodum. qm. 16, 136 apim& 6,3113

 

