012 wows. 147 ¹

11111 9111116· 61· 1111113191 711· 1911111111 ³0
11611161 ’ ’ ’ wa, 'W' ’ wrssuffis ,6,161. 11111111 1
1611 E. 1, 46. 8, 93. 98. 111. pulcherrime 6 conjux 10,611. 889. vulneribus 11, 66. 166
6, 14. 24. G. 4, 476. Ε. 1, 116166611116666166614, 141. 16166661166111,691 1
614, 9, 238. 766. 6, 296. 1611161766. Tybris 8, 76. 11691111 11116 11111 66161 11611111

349. 663 661. 6112. 6, 397. Α116110, 1811 G. 4, 326. 9616114 61116
832. 7, 162. 879. 484. 9, 1161111116 mm. 661. 11166 4, 1411618. 1,386. 66166 66961
606. 11, 216. 476. 12, 192. Prone 66 6, 142. 661. 6382661661616611611616,
943 1611116166 ,2, 463. 111616 862661 11, 366. ego 11,
161116 agnen 6, 648 18. 1, 76. 61111116 1, 286. 292. ob 166161661 1616611,
1611116 1616 11, 678 116611616 6, 821 639

611 11. 1, 11. 11. 1616. pumma monem 61116 11166616611666111. ’

1, 714. 3, 341. 6, 669. 19, 11616611611166 61161 666 1611 4,96. 18.6,6111.11111.1,166.

16 1611161, 1111 1166. 16, 611. 11666. 166. ’

11161 8, 682 pulchro 11661616 3,426. 111116 12, 99. 407. 444. 611
61661161616118.8,46 4, 482. 66 16 6, 344. 111- 116166166611666168,693
61616 9, 62. AE. 2, 467. 66666 6, ¹3¹0. 61161166 7, 1161116111 G. 4, 87
7, 676 ι 430. 11616616 7, 666 pulverulenta 116111. [1616. 6111111
1161111119 331 11 111 91131999 ⁹²³⁶⁸' '¹²¹¹' 11691ιέ111396ῗῖ
{gg- 136831. ᾖ 23323163 116161111ὲ61311676111666111111111 61· 4,166.12111ἒέ366111161161161
949116, ³ ³ ’ 119166166666611 μ16ᾘ166161611611161111611
11·;11,·.11.,... 111111111161 ,16611111 ,,..
186. 7, 49. 642. 611. 788. 17. 166166 6611111111 AE. 7, 11,877
116. 9, 63. 661. 20. 19, 329 pumice (1. 4,374. AE. 6, 214.
.311. 428. 11, ,789 11611116113, 76 19,687

. ·‚ ·. ⁶⁶⁰· 111;111111.11.171.6161111111111111661,
. .441. 6. ,6 ,699 6611116,396.11611167,709. 49. 116111. plur. nah-‘ff
.7 .826.12, 16161166161111666616661111 1111616616 11666612, 60

11, 663. 6166 61116616 66661 116616616161611186,17166111

· -z ’11111 1111931111. ’1111 1111911199 9·
⁸. ,168 86912106 Bsm' Ρ ⁸ 1111616666ὀ1116166 Ε. 7,82
61 pulsabat 16661661 0116111616 pu 1161141169. 399. 3, 136.
mando 6, 660. 7, 182 661111 11161116 10,216 7. 6, 636. 697. 794. 6, 6.
6116111111616116 ’1666 1161166661611616611116112,706 991. 8, 497. 9, 118. 10,
1161 G. 8, 46. AE. 1,466 1111166611 161661 1611111 G. 1, 918
,116.6,161.1,611.1,1π. 116 ι 1161116,166.611.661.1,611.
1, 278. 837. 912. 12, 799. 1161161111. 61111611 AE. 11, 790. , 12. 176. 777. 841. 6339.
18 111111. 161161 1616166116111111 8, 116..880.10,261
661 11,600 66 616616 E. 6,84 1161111161 (1. 1, 364. 3, 319.
6616 ,11116 8,629 1611661 1116166111 G. 4, 61 19. 1,183. 276. 4, 418.
11. 6361169331. 1, 91111109999199 ,.1131111111391161,
53 1161611111 6111111116 11, 669 996 947. 297
1661 11111 66116166 4, 629 1111116616 nervo G. 4, 318 11611166 2, 266. 6198868 19,
111 4, 673. 11, 86. 13, ρ616616166111116616ὧ3,619. 166.171.302

11 16111161641111. 666616 611- 11616 116111. sem. 111116 G. 1,
ber m. Guges 0. 2, 116 6, 6471111161116111 116 433. 661. 166 nocte E. 9,44.
17. 161161 6616 661661 9, 416 16 1666 AE. 2, 6911. 6664 6,
161 AE. 5, 670. 7, 197. 11611616 66163666 229.1161116,760.1161111611,
17. 9, 203. 310. Aventinus 11616611 661166 61661616 16661· 711. 16 661111 12, 169

667. 8116166161 6161119, 161116, 160 16116116661161 16 16111616 1,
11. voc. ,6 Apollo 3, 119 11611616161661 111286 687

1161111611 nom. ,1616116161- 1611469161661116 61 1611111 4, pugg electro 661611 G. 8,
1616116 11696161· 9

,1 7,(111, mmm 1161116 G. 1111116166 1161661 11619 1161161616 616116 4, 163

684. 161166 1161611116 1161111611316161 10,143. 111111. 1161111116 2, 496. 4, 276. AE. 6,
1.1,72.Ι11661,49614, 1616117217ι 261.7,261

1 genitrix 4, 9171116161 pulsos 6616166116 611166 (1.3, 116111616666160 3,26

648. bello Hi lyti 411.16111611616161161.11, purpurandam
61617,761.6661,862. 731 116111116616 6611661 AE. 4, 139.
1166 genitrix 12, 664 1161111 6, 691. 12683. 1166661 66161669,849

 

