οι 1191111, 10⁶

pidus 1111818, 108 11111111 alvo 8111811118, 878 11118111 hebetant 111111 AE. 6,
18.1,881,8834,.384 388.181111111811111118111111 0141111, 738
Ε,1’,483,8,788, 708. 8, 11181111111111, 887 1111811881 ιςςιιι 11880

580887. 4, 830. 891. 8,.700 terminus 8111814808 818 18118111 omnes 1111118, 788.
701, 8, 8311. 83183810, 8818118, 4, 814 ι1181111118,788, ιιιιιιιι ιι-
885. 811 888, 886. 11, 188. 1811111 11811111. 878. 81811111 ιιιιι 111 1111111111 4,.9 81 1118
189 AE. 1, 288. 11111118, 888 1111111 8, 133, 11111811 11,
ffgdff'ssg'ffl (ἐ ἑὼ343 {orgeio 4111118181 8, 880. 4111818, 33⁴⁹ ιιὲιιιι 1118 1811 418113,
ιιιιι 811811
ιιι. ιο, 87³² 888881818811, ιιο ιιι ’
offla, ὢ. 1, 118. 3,481. 1018ιὲ11Ιὲ189ιὲ0 77111188 {effantur ιιιιι g„ 100 ⁹,OE
881 811818 81181111 ιιιοιίι
8111 81111818 1, 410 1811111. 8, 88. 0, 1, 878, 330, 11111111 881118, 40 18ιιι 8,
Ι11114,1411119881’10915199 AE' 18416804. 34104174 ’8763170 181141111111111181830.811141118
811188188111111111 0,,4 114 7, 844. 8, 843, 8, 334. 10, 1811811 10, 879
8811111111 1,18.81.1,’878. 381. 878. 878.11,888.18,18118111111384888
1, 510 7. ’878. 8, 710. 0, 848. 801. 778. 884’ 18118188888111118111881, 18111-
37010188 10114 1117. G. 8,87, 813. 347. 118118, 878
118ἰιίι AE. 8, 47. 10, 813 18, 1, 841. 1180. 8,410 88018111811814 181111 gulam 8,
18111111,.ιιιιιριιρι.11ἰ1’ 4,30’6,340488’8,.48
8187818118 018811111811, 34. 383. 508. 888. 807 8 9,803
678 · 488. 10, 78. 877. 831. 18, 1811181181 1111181880877
881-11111111 1111118113 638 8931181118, 8,,40 0,1,’811111118,888
881118 11118111 1118118, 38 487. nub 181113 377. 4, 43. 181118111 1118111111 4, 488, aqut·
88181800110110,188 81.8,478.111111111189,’488. 18188, 89818147, 887
181 E. 8, 78 10188 1811181111Ἐιιιιι 18,’ 488. 111
881118118111118803,88018111111ιις 811Ηο88388, ,8181118947
8111818111ιιιοιι, 108 8,.301εο 1, 808 3, 888. 1811188181111818111811111111-
81811ω181181.11,801,1811- 4,.184 8, 880 0681, 885. 818111 1311814 810
1817, 730 11), 87. 4111, G. ⁹,⁹⁹. 890. 18111881111818, 884
8118811111 0101811114 318. AE. 8, 798.’ 8, 388, 1811188111 fulgorate 431. mu·
41, 8, 313. 1111419187, 868. 738. 800. 10, 888. 11, 88, 51111118, 104
8111888, 633. 81118111. 11, 87, 103. 808. ’18,308 .1111111. 1111118. 8, 104, 106. 0,1, 188.
178 ρὶιιι,1“..,.0837 1,88, 8,.98414.4.,,’788333848,
8481111101,,,878838 184..479887,45.109, 4,117ὣ,,18.18.488.
81118811811387141111· 179884 34894888 7868,8868,187.147388.
18011ω3Μ48οιΕ8808. 1,808.,01011,.,780770 880,4808,0’18.,,8717ωο.
119, 474. 8, 87. 41 11111111 1811111111, 1,1.’147.1’88.484. 6, 18, 818, 7881 7, 814,
0,.,380418..,.81638. 8,837.850’,384.,813,3180. 81701058380718
1»10114080843411801”’11.,,880409834,.4,978113
10. 9, 700. 10’, 488, 784, 4ι’ 111.1,107.133.478. 8851, 18111111 1111181 0187818
1811111188,87,11,81.830 3,89’ 93, 878,4,841,444,111111 1111111 11, 881, 881111
081131· 117813 ⁹ 1111103111,οῑ ⁹²⁶⁹· 8181 ¹⁹
1,880’18118188,401,νιι- 340488. 1810054314 1811111118,458. 9, 703. 11, 698,
88811187084848180888. 1811118 8, 8, 884. 1118, 18,788’
18111 18, ’483 418918, 845. 888, 8,,843 447, 8,.,8109 18114111, 387
1118811118, 788 848, 1119181019811. 1111080708
geminum 1188118114, 811 987 . 18118118917,88,11,443.18,
1811118108 811118, 8118 1811111118, 038 G. 1, 88. AE. 817
0,3,’88..Ε1,,,8888 1,.,81340070085 1811818187,888
31. 3,’848. 8, 188. ’,4037 1811110381, 4,.1451, G. 1811111 8111181 8111111118, 111.
48].18310,,164878. 1,88.’,’.,,88481’1889885, Τγρ888818,898
187. 184184101181188 4 58 81. 1,58. 884 838. tertianam. soem. 1111111, 888.
,174.387.,,.340801, 880,’.,4,39588003 444 111131,,171181ομ1811“
80, 8,488. 8,’897,8,388 170. 884390, 0888860. 1119ηι18111111111118,888.
881. 1388 48183 ’883 884.,8 111111.ιιιιι1.8ιι111118,87.111
goul, 811 887. 8, 88. 608 784. 7, 148, 1111 18181183 848, 4411111111
ς81111,.,,,.89883518418 880,3’838,..86488’8,,19 8,.88811111118,888.11111111
8111811 Ι 114Ηο911,..119911,11,811
11 8111 1811114, 871 88010481, 1188 18111111 89818119118118 5814.
11818111118101808811-181111191881110401 8181188001. 41111110
:em 81118 8181811 1118,8888111881811131811181181 178
104 0340 1811811 11 88118 1111111111 7,
itur trapetis 81881 0, 8, 1811888111818110. 1, 480 ffl
40. 18111111 18118 81, 9, 803, 18118811181111111111,188 18114 0.1,801

8, 880.191111111111118181111111118ι’

 

