lm 11111111
1101000111. s, 111. 1, 01 111, 151

1110110101

00, 101. ιι, 10 vivis 0. ιο, ss. (1.1, 111. 01151οω100101 0111

vimineas 010100 G. 1, 95 AE. 11, 59

0110101500 ll. 2, 72. G. 2, 0101110 01000 7, 114
445 0101011 01110010 12, 797

0100 Ε. 5, 71. G. 1, 132297. 01010110 (1.4, 32

0115101100 viius 2, 15
01151001 0011101001 mi

215

” virgineo 0011100110

3, 364. AE. l, 195. 724. 4, 01011111 0010010 0010011511, 011510000110501005121

455. 5, 98. 238. 248. 776. 6, 591

244. 7, 134. 147. 8, 275. 9, 010100 pallentes 11.. 2, 47

319. 350 010141001000011050001111001010
0100001 quos 0100010 mavis AE. 2, 189

111, 43 0101000111 05111 01110 12, 07

0155001111 11115100 00011 9, 0115170701 0010010 50011001 11,

01001000 AE. 11,811

virginibus G. 24111111.

01111,οω

virginis 1, 315. 1511111

&amum

01151011010 12, 141011

010001 sunus 11011011 proventu violavimus agros 10100 11, virginitatis 11,583

001ιο 215

’1510 11,(15

0100010 1251945148. 10, 01010011 01110000 corpus ll, ’0115061011010011111110111

4308100001101101 G. 2123. 848

1011110000209410101, 11111111 psilon 00101 ιο, 11150110οσ3. 11111.

01111111 3,550 151
010001 000 010 001011015υο Ε. violentis 10 0100111 11, 354.
4, 55. 000 myrtus corylos Turni 11, 376. 12, 45. glis·
7, 54. 0010151011101 1116, 011 Turno 129
823 0101001101 011100 G. 2, 107.
01001 001010 51001010 12, 527 0010114, 373
0100110 0011111100 00100 1, 010100100 Notus 00011010 AE.
337 6,356
110011 01001 010010 Ε. 10, 59. 01010 10, Pudor 4, 27
01001110 11010050 G 2, 295. 0151010 (1.3,417545
105010010101, 145 010010οι0 1101100110 AE. 7, 361
01110110 1100 01000 AE. 5,195 vipereo 500011 7, 753
010010 G. 4, 412. 111. 2,147. 0111010001 0110010 6, 281
6, 395. 7, 15. 12, 3113050110 0115, 791. 10, 351. 598. 734.
4, 59 11, 125. 5325105101μο 00-
01100110 G. 4, 396. 405. AE. 1, 510111. 7,7
5⁴. 2, 153. 4, 518. 8, 651. 011050 11111100 AE. 12, 468
11, 492 Virbius 7, 752. 777
110010, jugali 4, 16. 501111010- 0110511 001000 Ε. 7, 59
010 000 1051500 tequam 500· visentem Alburnum ilicibus G.
1010 7, 203 3,145
vinclorum 0011110100 5, 408 0110011 00000110 AE. 6, 579

011.100.0,100.10110
0010. 0100111011
1111000 1111111110
011. 110. 10011110
E. 0, 41. fissili
mmmmm
055. 1040101100

virgulta 010, 1, 1115

011. 0111011011
maenianis

viri 501 ι, 011 111111

423. 440. 4514951111 l
041. 10000111 11111
905. plur. 11001. 0. 41ἷῦ
111. 1, sss. 01015
101. 110. 0111111οῑ.
411. 001. s, 1101111·
11, 011. 11, 111010
(1, 1οι1. 0111115
1, 110. 0, 110 011 011
280. 737. 11, 14

01000105 18001 7, 310 01100110 11111000οῑ0500 (1.4,18 0111500 G. 2, 350. 3, 99111

0100110 01100 G. 2, 415 011010 0004 1100110 AE 5, 205
vincli 00150011 100151011ιῶ. 12, 01100 G. 1, 86. 2, 286. 427. 3,
101 1011. 110. 0111. 111. ι, 011.
'ww 1105100ιο 105000 G. 2, 564. 21711517. 599. 4175.
5,191. 396. 415. 445. 455.

100610001101511
11, 111. 1011. 0101411·
101. 1101141. 1011141
150. 411. 011. 110. 111. ll
mmmmm

0100100 ahenis nodis AE. 1, 465. 680. 684. 5, 114. 771. viridante 1001010512

29⁵ 853. 7,301.8, 473. 509. 587.

11 7,496

01001111 11.. 6, 19. 23. 8, 78. G. 9, 499. 611. 717. 754. 8112. 0111 0011 101110 5519
1, 301. 10. ι, 100. 0101. ιο,000.101.11,11.101.1100000 110015

235. 405 5, 510. 543. 8, 539. 12, 424. 912

458. 9, 118. 10, 233 0110000015100110011. 1, 55
vindemia G. 2, 5. 89. 522 0111111110 500110 00100011001001
vindieat 11111111 010110 5101001 2, 21

1114228 011010 515538
vizi&3 Ε. 4, 40. G. 2, 890. 011154114 57. 11, 92055. 2, 117. AE.li‚

7

010010 2, 298. 357 011501 G. 2, 358. AE. 0409

111οιιο 2⁴· 1121159
ᾖῃ 125. 01 11100 muni

virides 110111. 00010011

001011004121. 0010111
5, llll. 0050010051*
1101500 5310215059
011000 8, 95

0100110 2, 319 0115011 005111 Mercurius 101111- viridi 00110 li. lallmlel

0101101 E. 10, 36. G. 2, 417 10111114,242

0100 AE. 2, 265. 3, 530. 5, 227. 01150110 1110001 sagulis 8, 650
9, 155. 189. 236. 315 01 0 supellex (1. 1, 155.
0101010111001101501110011011, 0100111 AE. 7, 453. 111111.
1101100111 111,οε 011ἑ51011“1ξι515’3’3ω
010105110,000 010105110 numen 0115100 AE. 2, 115. 7, 352. 889.

01. 11110 1, ³⁰· 0111
11510, 1110111451,111
8, 87. ΜΗ 2¹2]- ff
0. 0111. ¹⁵? -·

111111, ,11110
mmmmm-*²

 

