61 1111111.
r

11111118, 730. 0111113111 111141111,1111111111111 11101
10, 03. 03. 11 111111 8311110000
rerum 10, 886. haud 11111 111111141111111111111111101
1111111111 111111111111 11· 0, 068
1111 1111111 11, 164 11114111 11111110, 06 1
1111111111.,1’11141,11111111111111111111101111111411114,489 1
111 21181, 000 11111. 11111111 11111111111111111111111111114,1
111111 110, 4, 050 1111111111. 1111111111111118.1
111111 11118140, 1010 11, 307, 1131· 11111113, 871.
1111111111 11111114111111· 11111117167,111140,483. 1
1111111, 733 111111, 1111114111υά ignota 11·
1111111114ιςὶί11111111110,3,466 1110, 91. 11111117, 104,
1111111111 1111111110188. umine 0101111111 11,
1118, 013 11111111111111 3, 703 1
11111 11111111111111106,111111161111114010.11118,
480. 1111111111 virgo 11111114 113 - 11
AE. 11, 710. 111111, 111114, 1111011113, 301 11
030 ignotis 1111 G 3,,’003 11111· 11
11111110. 1,87, 1311030, disAE. 10,48, 11111111,
140, 83044030, 4, m 678 11
410. ,1,40. 1761160688, 1111111116 08781111 11
0097. 0031, 4,,000 68111111111111111 AE. 11,
84. 041 660,6,7477,001, 1111111111111111118. 6, 40 11
336. 0, 036. 401, 0331, 10, 11111111 1111111 G. 1, 30. 11· 111
101.366,11,110.100.707. 11111111111111111111110 1,111
1083110 030,1111111111·111111111111114
111111,3,10.0,1, 001, 407. 0,.60 capulum 10 734
0,430,111.,.1603743,,0184 ignotus 11111110404011111 111
0216300376, 604,1164.,686 81181 Ι, 684 111
0,109,406.303,4,187.003,1116111111 111111 per 11111
076 3, 740. 7, 006, 300. 786, 1111111 00761111117111 111
8, 100. 067, 403, 410. 390. per 11111411 utrumque 0111
0, 78, 100146, 166, 039, 418 111
300 370 1038, 171071, 11110100
10001301306 11110.706.0,0,,,,307007
11111111 11110, 68 490, 114, 708
1111111 011 G. 1, 433. 4,,406 1111311111111111111 11111111,1111
AE. 0, 97. 111 11111 vigor 074.1111’111,1111,060.111- 1
1116700. Tarcho 11111111 11, 1118, 81111110, 086. 11, ,1111
043 1 1
111111. 8, 81, G 1,106.034.1111111113118,134 .
067. 464, 3, 078 4, 080, AE. 11111111111114030811111111 ’.
0010 310, 381, 840 4, 0,,8 6 607 1111111 10, 603 1111
740. 0800. 0, 183. 11, 104 111111111110,117.11111114, 1111
1111111110. 4, 370. ὣ 1, 000 46.11111114,837,1111114, 1
368. 0, 140, 4, 384 8 046 648 111111 10, 861 1111
8,304.376.340.1,1106,000 11111111111110, 431 1
1111111118, 414. 403, 600, 1111111111111111,97,10,033. 1111
710. 10, 043, 10, 90 111111 1, 647, 1111113,100, 6
11811,οΜ666300490, 3706 1111113080 1111
l, 337. 0, 300 600. 009. 11111111111111111, 300 1111
363,4,063.Ε.0,303.703. 11111111111111,403.1111111 1111
738. 7, 377. 0, 401, 400 10. 0,,600 1111111141 4, 7011111 1

111111 11111. 1111111111 mu
1113111111111111 Β, 9, ffl· 11116111, 480, 3, 66 1111

1111111.4,60,11111141 1111111111 0, 686, 3, 644, 7, 11111
1111481111 oti 11111111 G. 4, 1111111,1,106,.347,1.,.913 44444
661 111111 exigemtAE.'1, 0, 4,01.3.4,303’.3,100. 111
778 0008, 0, 301, 11, 631 1111
1111111111111111111311111110.1111410,404.738.7,380 11, 1111
1041214143, 10, 401 1118414110.3,116,034,101.8, 1ωο

 

