161 16611

61111116 116 1116111. 074. 61111116,6,366.3,16.126 1166161610112616
6116 6117116661( 6161 16116 G. 473. 4, 286. AE. l, 236. 372. 11, 124
1, 276, ex 61111116 4, 4. dant 642. 753. 10, 179. 618 01166 10, 748
fontes 1111111661 4, 376. 61· origo 11. 6, 72. AE. 6, 730. 7, Orsilochum 1061
6616 4, 637, nno 11 6666111 371. 12, 166 0111166661 10616
Achivos AE. 2, 102. 1661 011611 0536. 4, 52 6161161161,326.1,41,61
66116610179. 6661166661- 0116116 3,617 12816
6166666611(3,447.Ι161166111 6111 gen. spiritus G. 4, 300. 61111 11611.[61661117,111
16111 3, 648. pompas 616- 1611666966. hiatus 11, 12111
6661616, 63. locant 6, 102. 680. ubl. G. 2, 171. 3, 196. 61161 6116 m 111 16111611
16166 consurgunt 16161 6, 226161, 1262301. 331. (1661 6161111097
120. 666 66611115, 271. 116· 369. 377. 638, 616. 2, 9. 282. 6116 1616 166661 (1.1,111
mo palmam 166661 5, 319. 3, 97. 117. 131. 338. 669. 6116 1116111116 0411
singula 61111611 6, 723. 6661 716. 6, 2. 7, 39. 270. 664. 611116116166616111111
jubet 7, 276. 166 responsa 647. 8, 61. 381. 464. 10, 48. onum 66116111 1 11111111
· = 11 1
6161661611111111606 7032766. 011641119846141 1624346111. 66666661166611111611614.
6, 482. 754. 8, 722. 1079. 11116141 Ι2,83 466166116111116116411
144. 111 ordine E. 7, 20. AE. 611161661661161161111662,411. 267. 66 onus 1611131
8, 629. 61 6161116 G. 3, 341. 11,886.1666111616 61616161- 666161161661611116166
4, 607. AE. 0466. 5, 773. 166116 2, 680 4, 544. 16611116666111
7,139. 177 61611661 661661 161111 7, 488 rom 116660562111616·
ordinibus indulge G. 2, 277 611616166116164, 119 tulerit 71161 16114
6166 seclorum 1106113116· ornat umbram 16111 AE. 70, 1611162611
1661 G. 1, 239. 11 16111161 638 6116161116 0116116114
Ε.. 3,376. 16161616 6, 707. 61116116 torquibus 616 G. 4, his 6311602111
1616111 7, 44. 6661166616· 276 - 01111116 6666101116
66116161 1094 611116111611666116616611. 161113, 143
ο16(1.1,430.3,203.273.439. 7,26 0111616613154611 .,
616. 4, 92. 97. 2111. 414. 61611666666616166161131. ortygium 1611461161
AE. l, 296. 669. 614. 737. 2, 7, 74 673 ,
482. 624. 693. 668. 3, 234. 61116161 crines 11611661 Ε. 6, 616,66.6,111.111113
373.463.4,11.79.160.276. 68. 6666116116 61116 G. ³, 12, 300. ulceri· 6166116
329. 610. 686. 5, 3115. 470. 21 3, 464. honestum 14144
842. 6, 76. 1565306117. 611111611161161161666131, terris Taygete 71116114
686. 7, 103. 118. 436. 461. 650 virginis gerens 6. 111
9, 6. 319. 442. 111, 323. 349. ornaverat quos paribus 611611 humerosque 66111ιῇ1 1
489. 11, 123, 132. 1911. 251. 12, 344 689. impressa 16164144
418.5·16,764.12,8, 47. 6412. ornavit limina 661111 10, 620 6161116 G. 2, 389
8371116116666116116616 G. 3, 6111102111 01661616 munus 131174,
294. apum 4, 17. asper 16 ornos Ε. 6, 71. AE. 4,491.6, oscula G. 2, 621. AE ffl
016 sapor 4, 277. micul 1111· 182. 11, 1311 687. 2, 4911. 12434
111·111“’1“11111311.ῗ’ 31111111· ¹⁰’ ⁷⁶⁶ 1111111011 11
· 1 1 “ ⁸ 1 4 · ’
4666116161161181661111161161 Ornytus Ε.. 11, 677 468
a, 616. favete 111111 5, 11116611616161316, 1111616666161111
11 16.111,61.1166.6,146.11, 6666616611
0166661 1161116116 6166116611, 611.680.933.611161611111111116 6, 31. 47. 6611216 ’1
600 veniam 4, 436. liceat 6616 6, 66. 218. 328. 311. 14
oremus veniam nb ipso 11, 1111116111 per 11111116,196. 82117. 396. 11111161
368. paoem 11, 414 66616 6, 106. 9, 284. vitam 11, 212. 696. 11016
61111113,1131.1,111 8, 677 01111 involvere 01161144
613166, 54171493· Bacchi Oroden 11616. propr. 6111 10, 02112 .'
nocturni G. 4, 621. 111616· 732 Ossam 1166611611 1111114
1111 161613 611111 16111 ossum· 6. 6161111
611661616 componens 8, 436. 01661616 1, 113. 6, 334 272. 4, 3118. AE Q(
quinquaginta 1116611 ommi 1. 161 6116116. 111111
6111166166 12. 87 Orphea E. 3, 46. 1030 66. 111, 384. 12111 ,
01161416166111111610. 130 0161161 4, 57. G. 4, 646. 6116666116 (1.2,15114
orionnprimusG 0260116161 663 5606188 ¹
ὦ. 6, 739. ,1116111166ιά 7, orphen 4, 494 ostendent 161111 114(Σ
61 01116661 E. 4, 56. (056. 16. 8141
1611116663 6011116666 61111111111111111“1*“
οΓ111111111112· 6611112121 111· 111111 1
1 . ,66161666161616 aem 1611 - 1

(11166111 spoliis l, 289. vim 7,386.116111.ρ1111.116111161 1111161666111 1
41487 6161616110436166111166· ostenderit 1666 affl

 

