“.1
-1 ζ’.
Ι
ι
1
, ι

01 111661,

1116666111116161111111 18 ·
16 111616 8, Μ 6, 818 . 1116116, m ·
761. ,6661166611 ignorate, 6111 11661111 11111 1116611 66611166ιῆ68)
86. 61 16111 86. 6617, 202 1111166111
,0666116611116 11666616116166161111666. 111666 11611 6611611621,
’6611 61111611·- 2,268 661
111, 1 ignosce 16666166, 20 111666116161161, 611
,16111616616616 1166166666 6161161114, ’88 11166611, 120. 7, 2’18, 8, 001
2221111111. 11611111 huffen 61666161161,1111ὅ6611.ὼ’ 1, 021 002, ’1, 212
16,1,258 111616661116611111661.111161,.,...661111621126
1661681212 11, 627,,.66116116616,871 88108,6,’760,0,64
6 161116 16111116- 16161167107.161118,180. 1111,1116,1111111,11111,1116,“
168 611116111661116 1566111111· 1111,1ΙΙ11,111161,1116,1116·
[1136111610. 8166 11612, 91, 11116117,121. 166, 11161, 11166, ’111611
geu: 6111 1, 116 231³... 1, 1161111111, ,1611611611ψῶ
1
166,6111161160786 0116611 6611111 1611611 0,
,1111611111 6. 6, ignotas 6611161 812 11118, 88 ·
16111 11111 6161111 - 11161161 medimnum
118. 111111.111114,16661111118681 111611161612, 806
ignoti· 6111 ’6, 8,226,’ 1111111· 1116617611 1111111116 tenpus
1,,..871811662 611ὢ,,1048’.1611,1111 16616,,1480
6’214,268 1680, 678 1116166116 1111116111 Ι, 1 618
1,42,,176600,688.16661ο 6116678616 1116116011 611 1111618,
'231.⁴,200. 661, 16616 1161111616 6611, Μ’ἒ11707
1ῃο60 0, 747. 7, 281. 166616166161661618, 6, 40 1111601116 6611116116. 8,6
66. 421, 8, 801, 10, ignotum 6611616. 111111 1116666618217
,,11 118,’188. 787’, genti pondus 61161161,1,11116164.62,247261 zm.
18 86816661116161166161111661 8, 662. 611, 200, 2 ,7888
10, (1.1, 281. 427, 2, 62, 6161111116 12, 764 0110
11,,026748,2,164, ign 616111611166. 1’ ,2421616 1111611166111, 112
016621661686, ε”.ὣ 1, 861 1111666.1,61’Ὀ.8,267. ΕΑ,
001086.,1167,209.1111166’11166 troje 66116161 412
48 7, 286. 820 786 1611161 1, 870, 66116 Tago 11111161 1161118. 8,7
167,408.110.080,661 16616111 utrumque 8, 11Ιῖ 116611 61111611, ’246
128116106269. 118 1111611611 δέ) 6116116, 200.
1 10,66,177.271,11616,180 116111661611116
6211186 1116 E 7, 20. 6, 6, 60161, 7, 8,716116111. 1116166611111
11618, 66 188111, 788 6611111668, 1
10, 1, 468. 4,420,111611616111111111161 11161111,1111111 16 11111 1611111 AE. 0,
87 611 61111 vigor 274,611’111.1111,268,611- 480
111666 11161111 11, 1616, 81611611, 286. 11, 11161611661110, 6, 446
245 1111162,297..,.,1842868666,
81. G. 1,100. 261. 11161661668,181 408 701. 6161166116
1,.8,878 ’4, 268, AE. 1116111111 1166618 886. 61116616 10, 080, 12, 761
112 681.612.1,,2,6 6,007 161661 ’10, 666 11116161661161161166. 1, 181
682,2,168.11’, 184 111166161112117166116111,1116661666161116161111111116111
187οἫ611102, 46.6111161’4,687,1·611614, 2,061
148.1,.6811’1,246’. 618.1616112’,861 1111166111 1111161 666111 11616
170.042,11,186.208 11166161661612, 161 ο1611111116161,400
18, 114, 128, 628. 111661166661121 87.10,866.1111661666616 16116168,
,24111220 161611 1,617,161118,182, 61
106. 61661611, 6, 726, 1116116280 111161616111,16616 2875,
8161116111.1111611111161166..1118..ἲῖ111181186..
671.1,111,11611.1601 11661114, 78, 611111 61, 1, 081
0 10,62.1ς16111,260 1111111616 16611 1111111116 7, 78
ε.11616611 2, 68 41166111, 480, 8, 116 111111161161111116, 768
1681616111 ,1, 1111611111 2, 680, 0, 011, 7, 11161116. 8, 601 0
218 11111161 AE. ’,6 628
611 1116111 G. 4, 111668.1,18.,.,.,.60171810 11161611 6161021167
1066116661ὢ7,6.,4,8’1,,’,614600’.6’128.11618.,.1010040’1
6,209. 8, 881. ’11, 861’ 111116111110, 178
1666163666610.1116413182424.768,7’,08611,1116;1Μ238μ m ⁰ κ
11 - .
6116111 11111166, 1, 111, 111 12. 6, 211 111111 11, §cmm

 

