16

ιωιπωι ⁷⁶¹· mm· ιω· 7077 10, “zm-8¹4 mum-&mumma
,7773334443 474777737473437. 477377477373777
3, 74. 74 473. 747. 777. 774. 777. 774. 74, 37. 77737473737744,
.610.300.606.11, 106430 661.714.730.61311,171
,777 747. 777. 777. Aurorae. 3434473744. 777477 uagom
7447347734. 774. 33744. 77337. teum. 47737747

10,

,71414374 334377. 4477737773733777. 4773437373

4, 447. 7, 743. 7, 777. omn 7, 47. 7, 473. 43444. 44, 7. mmmmm
7, 760. 136061337147173. 180. 10, 77 7477477710. 3311. 3017
347 Aurora 1, 7773733 4747743433
777717 m. ὣ. 10, 636. abl. 1, Auroram 6, 106. 7, 606 autumno G. 0, 34, 134141
mmm. 13666 nurum 4, 133. 31170. 1371117 autumnum!
7747777773060 731137,360.10,13411, 7747177]37·74777744701,οΙ.,
3347343446 00310,οῧ 7771477770,600.7’7477
737771 10, 163 Auruncu 7, 796. 10, 363 monti· 3, 676. 77771741.
mammam& Auma017‚72⁷.11,a1s.12‚⁹⁴ 473
aurato 10, 171 Auruncum& 7774177777 rupen
auratum 0, 304 74777 6, 700. 7, 300. 0, 017 vem sum 774
auratus (7.4, 774 nunt 4, 777. 3 744. 44, 334 73773
turem, 417. 11, 637 737147 11330. 0713060 77717377733143
7744773.3,71.8,60.6.1,431. 777417 747671. 033606. 0, 061. 77771744776774477173777411011
AE. Ι, 400. 0, 4663130. 10, 361 77777477 7774141306
040. 6, 13. 604. 7, 010. 076. 7477333113 7476713604 77317373374731777 14411401
6, les. 340. 670. 0, 60. 11, Ausonia 4, 3403607. 7, 66. 7747710316
774. 630. mnne· 6, 660. 603. 6, 3061366 7777371473343340
6311ὴοὶ37717 0, 360. geum. 6373771773,406.0,136.10,366. tvm 10, 76
4,0 74774717 AE. 6, 700. 6, 11, 41 7771 dont 447317 77741011.
3041774710, 1661731171. Αιι737413774,006.10,64ι 407
7, 337. 7, 473 Ausonia 3, 477. 7, 437. 7, mni. 7, 447. 37
7777777 E. 6, 3. AE. 6, 647 630 auxiliis 0, 163
7777713ὕ aliquot. 0, 370. 10, Ἢιιὶιὲῗω 10,664 11, 007. magaba} 6171ῦὲ16, ff}
. . ‚ . 7
num 4. 373. 3373733. Ausonii 3. 7, 777. 74. 3377 774. 3, 77477744111
4, 340.ιῆ 3376. 0,61. 110. 13063. 10, 447. 634. 037 4004031086 ⁸
731. 3, 40. 03. 004. 4, m. 3747374117 7, w. 637. 10, 066 77771Ιί777 G. 0, 13117613Ι
447. 443. 7, 437. 7, 437 Ausonio 3, 377. 7, 747. 47, 3344737. 344440
437. 7, 774. 7, 377. 474. 44, 733333 ’ . 7, 334. 7, 43. 4373770
610. 617373777371710. 1, 137371373346.7,033.0,00. 13370
774 43, 473 373743334373
turnus E. 7, 36. G. 1, 030. 0, Ausonium 6, 63. 7, 106 77347 G. 0, 361. 04161
737. 4, 77444 7, 737. 744 mmmmm 7377473737
167. 0, 070. 40, 071. 634. auspiciis 3, 376. 400. 4, 103. niman
74, 433. 774. 774 347. 3 734. 3777. 7, 777. uisa, 777. 77747740
747471,340.360.3,40.67.403. 1333
6, 110. 660. 6, 004. 003. 6, auspicium 11, 347
446. 0, 06. 066. 10, 607. 0477177 G. 1, 660. 30764, Β.
11,3Β 061. AE. 0, 111. 3, 70. 6,
74771747 G. 3, 64. AE. 31600, 7643336 &commum
333.3,774.4,373.7,477 mammaeam. 377777 3333 374474
7771333733 scetus 4764717 6, 411. 3400 640
141 44041717373313773100, 071 bucam m 10. 7401
auriga 4. 7, 774 Austris 3. 3473. 3, 443. 47. baccatum 777747 m
2113}ae ᾗ, 447 44, 37744. 33711711ωῶ Ἵσέᾞῑιῆῑὶᾞπ
. . , . , .
7374347377 „m 3.
popularibus 777713733316 3, 61. 401 106
auritos lepores G. 3306 Austrum 0366 baechatur 4, 31314110
auro 3. 4, 477. 477. 774. 474. ausumAE.1o,3a⁹.4oe 7377777373
737. 3, 47. 374. 77. 747. mn· 3. 4, 777. 3, 743. 7. 7, 3337334777371
7337334733747777. 474. 4, 777. 3433 377. mammem
7437333734737377. 3447743773 347774 7, 7473774ϋὶ
777 477777. 4, 434. 737. 737343343734474347 734. 333747. 7. 410*
443434377734777374 aem 7743737437470
ffi 4161434113 {³⁶¹⁴} Ἥ 711714ιῖ31187 Ψ ’171104Εο 817194111
mim· 344 777. mlo} 473 347 713. ’747ι 4774 333343377777311

 

