01 11011119.

1,180 Ε. 4,.37 111616 61
1116611616611616116 16111666 somni 6111616141] 1
1111116 (11161 2 242 1661 ΛΕ. 6427
11116661661166661Ε1,143. 1661166616 6611661666 1
1111611162 802 35
6160. 1, 4111. AE. 1, 2. 2, 663. 1661666611112, 110
738.,’.,Ῐ46266442 466. 713. 1661111 6616111 mo 161-61 1
7,.60 9, 643 66112, 639
1161116111. 4,47.1Ε. 1,262. 1611166611 6161161161]
6,111.611.6,166.1,116 6111161111 6, 111 1
ntum G. 2, 421. Ε. 8, 334 6161116 (1. 1, 137. 61 1
1161 1,131 266. 2, 76. 107 182. vestigia 2, 4741
147. 3,302. 486. 612. 6, 16 iuumffl, 191'
44. 72..382 464.632..64716161111(1.3,3221Ε. i
847. 6, 1. 36. 7, 330. 8, 116. me 11116166 161614,
324. 1162. 2, 480. 10, 462. que 16 361661 1611
480666. 621. 11,41.601. 347. 666 me 111661 1
666. 686. 718. 822. 12, 228. 691. 6161161 616661 1
226.434..664888 11617216 6661111 1
111161, 686. 610. 2, 60. 323. 331. mentes monstro 124
644.622..,721320. 118. 666. 16116616 1161116102 181
4,670 6, 72361. 421. 639. 1611666 operum 6166 1 i
6,.120 372. 8,620. 10, 461. 611166 4, 322. 111116 ,
496. 636. 69412660 493. 1161111116, 662
11666 G. 1, 207 31608. 4, 161161 1116616 7,629. 61 1
467. AE. 6201. 7,.670 9, 751
64. 11, 616. 626 1611616 Baccho Μ61611
16616610. 3, 497. 4, 428. Ε. 746. 666 1611616 161
2,..3·531743,.484,280.,6 196
241. 273. 7, 786. 8, 262. 161161666 1611116 6166611
267 116611661312061 1
116 Ε. 4, 10 746. auspiciis 11, 32·
16612 l, 18 66611612, 281
1166166 Ε. 1, 736 8 173 16116161 ungere 1611 161
1161110166, 148 772
1161 frumentis 1611111 (1.2, (6116166611 G. 2127. Ι
228 AE 6, 430
111616 ore 61666612. 6, 71 16116111166161116116 G.
111183, 673 161162, 420. AE. 3, 32111
1111116111 6, 666. 6, 227. 9, 11, 422. ρ6161Ε., 1 7
76 61661111166611111
xis G. 4, 22. 141. 161 diu ponere vitem G. 1 !
61166 AE. 12, 777 666111 1, 346 66161611
nuni G. l, 10. 11. Ε. 7, 81. 6314806611 1111611111 Ι
1112213264. 368. 8, 314 4, 667. prole 11111111 6 ¹
61166 7, 47. 10, 661. 12, 6611611411, 162
766 16116 66161 exarserat 8, !
6116613. 6, 27 116661 14, 867
10161 6 343 1616616 10, 788
,vorum 6161660. 4, 214 1611161· 10, 344. 867. 12, 21
vos 1,344 4, 104. 172. fenestram 6661161112 411
242 1166611110. 4 228 Ε. 3
16611111 6111161Ε.9,164. 2,634
12, 316 1116166116461668 8,101
61113. 3, 468 6616116661 G. 4310
661111666661111 4, 264. 616- 116 66 1116616 Τ1611611 Ι
6161161111 8, 628. 630. 1116111 462111666161666611
66616 161113, 710. 6666162, pocius 16 6661616 11,
304. 1291. 16116111, 76 61616 6611111711· 11111
1616 mo 66611111 Ε. 2 32 12, 13
moram 1012 6611166114 1616 1161( 7651. adj. 1
272 Τ 6111 616611661161 soem. Carthago 10, 12.
183, 28. 6666166880 6616664280
61166 memores 661 6,664.16116661166111111.6166161
belin 61111111 profanos 12, 72.611.ρ,1661664 114
772 161616111Ρ111. 11146611
616116111616161161161116 G. 1, 336. G. 2, 842. 11

 

