11111111 1111111 114402 . 1, 091. 1111 ρ1010111110.1,0111
11111,·12..0.1,402.7,440. 000. 4, 101 2, 832. hiberni 11.

402 . . . . . ι. 0100111011111131111011
summanum , ,7,02. ,08. , 17. 2,481.Ε.1,111.111011
1111 maim. 11, 004. 821. 111111 9, 201. 111110111ςο3,210
10001111110110101011111 G. 3, hmo 111 suit 10, 819. abi. 10111 Ε. 10, 70. 112111

71 sub rupe E. 1014111111 11- 200
1000111 E. 4, 40. G. 3, 308. 4, den adibam Β.. 4, 322. 1011011111. dui. 01111111
100. AE. 4, 328Ι 10 1011 tinore ⁶, 013. sub 12115. 0111101021.
10111 6, 830. 7, 317. 12, 192 1101110208. 011111 11, 082 2, 306. 6, 610. 12, 111
1011111 11,100 1011 111111. piur. E. 8,10. G. 1011 hiberno (0.3,302
101110 11, 440 l, 30. 3, 212 10111111 maturis l, ⁶⁶
1011101 2, 407 10, 70 10110110010111111107101112. 1011111 111111. taurominium
10111 soem. 1111. urbe 3, 302. 1,230. 1111119, 489 AE. ⁶, 203. en 9, 'tiis
ρ1111.11111.150111112,311. 101101111111111111001111110011· 10111111 vires-2&
11101101111018,120.11011 1110.1,109.110010011111 solidanda 1111 1111101,
secutum 11, 161 AE. 10, 820 119
socium 1111111 se 11. 6, 20 10111 apes G. 4, 103 1011111 11111111 1110 0. 270
101111110110111111111 vincid 101111 3, 461. AE. 4, 421. 9, 1011110 111 robore 020111
1111111Ε.4,10.111110100· 482. 12, 810 0111010 3,20. 11111111ιὶ
11011111 Latinis 7, 90. 1111 1011011001113,601.0011111111 de 10110011420011
1111110 111111 procorum 111 1111010111 111 10, 493. 01 1111011 0, 0021111111.
1111 12, 27 111110,809 301. in 1011110 0111100
10111111101111101111001011, 10110110 lenire 1101101111 4, mitti 0. 2, 331. 11101·
000 304 11111101111111111011111111111’Ι
101111 adjeci. 11111 0, 80 1011111 11001111 G. ·Ι, 404 AE. li, 421
sociatus 01111110 9, 594 101111 inopem AE. 9, 200 10110111,10101111111 tamiri
- 10111 (1.1,340 2, 028. 1111, 101111 laborem 111111 0. 1, inditur 1111021210
101.1,111.1,11.11.110. 111 1010114111
240. 282. 2904118404. 024. 1011111111.9,18.111. 0,367.8, 10110 l, 006. 0, 301111
032. 000. iiii. 0,100. 190. 014.11,02 210. 8, 118. 04111111·
778. 0, 04. 10, 299. 300444. 11111111 E. 0, 40111101 opi· 11, 301
000. 738. 799. 841. 11, 212. bus AE. 0, 41. 011011111ῐί10, 10111 1110110. 1024112217·
860 710. amorem musi 10, 101. 3, 217. 330. 111 1, 10 i
101111 1, 309. 003. 033. 2, metum 111112,110 200.790.7,11.110.22.··,
310. 420. 148. 3, 12. 234. 101111111201110 1111 vocibus ⁶, 68. 190.023.12,111.161
1111. 1, 110, e. 111. 10, 101 1011111410, 1111111111Ι
208.11,2.033.884 101111.2,13,11.1,234.288. 81011112,111.111,·1“11
101101110361188, 114 2, 012. 3, 132. 150. AE. l, 240. Mycenis 11. 3, 11Ι ,
socios 11. 8, 70. AE. l, 104. 217. 431. 3, 008. 4, 701. 0, 89. montibus ii, 010
3011300. 083. 2, 261. 339. 0, 034. 7, 027. 720. 8, 23. 1011110010001111119,211
700. 3, 4714, 289. 370. 072. 9, 401. 10, 801 1011111 genii. 11111111 1111
101. 0, 43. 283. 140. 790. solebam E. l, 24 1111. 1111111111 11111121-
800. 0, iiii. 229. 899. 8, 00. 1011111111 AE. 2, 30. 12, 708 10011110 auxilium 9, 129. ἱ·
80. 401. 046. 0, 11. 1011. 10111111 Ε. 0, 26 11,383. [111111111111111111ι i
301. 708. 708. 780. 10, 241. solebat 6, 70. AE. 2, 400. 7, 1, 412
287. 203. 441. 831. 11, 12. 704 solitus, 111110 que 1011111
22. 200. 322. 021. 12, 38. 101110 Ε. 0, 31. G. 1,48. 398. 2, 23. contendat 111 1.
110 414411. 413. 1,·101. 111. 1111. 1111110111
10110100,101.11ς1111112,013. 3, 439. 4, 28. AE. i, 143. 2, 1011110112849 ⁶
insertae 4, 111. consitiis . 471. 4, 411. 410, 1, 041. 11, 1011111111111001111 1
1110111010712. sese ad· 112 1011111111111111111103101 ,
diderat AEneae 0, 170, 101 solemne imperium 12, 103 101Ιί111111 remis 11111 21
summis adjungermbus 9, 10111001111101011111 8, 102 1011111111 111111 1. 1111·-
100 101101111 pompas G. 3. Q. AE. 1011111111 concubitus psit-¹,
10110111 maiorum 0, 174. 9, 0,03.11112,202.1110113, 101110110111011131 11,
00810410 301 11110111101104131·,[ῑ”
101101 vocari 7, 264 solemnia dona ὣ. 0, 026 101 10110111 quiet& ¹¹³³*-
10111111 10, 3811 solemnia tumulo referunt 111- 111111111111111110114
101 Ε. 2, 07. G. 1,232. 438. dis 5, 000. tumulo mittent 1011111100013189 1
111. 1, 111. 1, 111. 111. 1, 111 1111111 10111011101111101111-1·
401. 420, stibnos. 3, 204. 101110111Ε.1,21.6.2, 106 6
008.”1,100. 210. 8,07.12, 1011011110111 Ε. 0, 74 100111111101111101,ΞΕ ,
1111 · ...1111111111411 0111111111οΜ2·
101111111101111010111101110. solers 1111111111 pecudum 4, 81 ⁰
¹, ⁸⁰, ³27 1010.111,1.111(ῑ··ξ’ ,
1011111]111.1111.11111.11.10, 10111100111111.9,02.11111- . 203. 3111101ιὲ*

 

Α 1

