01· 17011118. 97

11111111111111111111111ι11118,9,,389 10,454.783.11111111 7581511111111
11111, 8,7 18,5 nomen 1111 gloriam 11,
1111111211. 1,878. pontum leonem 4, 159. 8, 895, 9, 588

118 8,8118. 1111111111 798 levum pn'ma 511111· stipulam
11111 51111111 ,79.11111·1111111111,4,885,87.ὣ,,3 (1.1,85111111111 1, 881.
111111111111854811111-118,10,1257.853 11111211 1,858.111512111 1,
11111115111121119,898,1111118788,5,851.7,,555 405, 408

11111 111· 11, 588. 111111 8, 177. 558. 9, 805 levum 11111111 longa 1111111111
1151118, 481 1111111118 151. AE.7, 15 AE. 7, 789

,1111111111 8. 3,98 leporem 11112111 511111· 'G 8, 111111111111451111111118,
,11111188705 410,.,189558 1501111111 G 1,889,
11110. 1, 74 11111110. 1, 808 111118,314,18,11,595.
1111 e 1111121 1111111114,1,11111 bellua AE. 5, 887. 1111- 115111 11111111 111115 4, 55.
11. 1111111111 11111114,878,1111118,518 91111118141111118310,
um mag 1111111 11111 111 Lemausa'nguiass, 800 159

’.,1485,1111,518.111 5111111111111111111111115,111111 111111111101111111111-
ι1115,188.11112111111111 803 1111111. 8, 858. 1111118, 448.
,809 1118111111 10, 815 11115115. 8, 90 51111111211555581111111
21111111111115.,28 18 111111111111118, 11, 748 372, 580 111111 7, 584. 8,
,1111 111111111εῶ. 8, 2785 11111111 1111111118,8277 5284, 1111111117, 815
511110. 1, 801 11111111111119, 5280 1111111115,11111·1211111511111
11111111121811111111Ε8 11111111 11111114 73 1, 880
1110111 1111118. 4, 545 11112 66111111 51111111111111. 1,
111111111111131.111111,,1111181111
11111 nuo
111 1111111218, 510 AE. 5854 1111 'qmmb'tongd' 1111111 E. 5,
111511111121 AE. 4, 807 1111511111 1111115705, 511- 51,111111111117,81.111110,
11118117111131351 ...QG 111 ,1111 51311311· 11· 23 ⁶ 323
11115909 14310, 511, 5288 1811111115111 ann G. 1,
1111111114, 588 5081111211111Τ11111111 (1.4, 1091111111 5,,91, 111-
11111111111111111115, 458 481 11117, 849
1111511108 198 111111111111188,139, 11111 11111 1113111 51111· 1111111111·-
1111111111 1111451 111- 10, 159 1111111110, 817, 1111111, 518.
1111115111111 21151118, 1111211. 8, 455, 18, 8,134, 551, 1111111128 754

8,554 2.5,590 80208505.11115111111112111113551111111,
dolentem 1111111 4, 9,4,33 10, 819. 418. 4520, 11, 859

1318,818,2880,18,888 1111511 1111110 51111· 11111 1,
1111111111 1111181838. 1111118, 588, 5, 584 5,80,147,113111115,58,9,178
1111388 5, 151151 111511- 877, 7, 455. 82345, 11,21145. 1111115, 708
10, 40, 11112111 AE. 18, 778. 878. 122, 585, 787 8512 1111111 11112811. Ι113115
..112,ρὶ111 1151111118. 21, 85, 111151111111111111111111111- 1111111511 11111182, 98
151110.3,108.11ἶ-,111 1111111111 7, 571, 11111111 111111111111.1,178,111·
7,154,51121111111 112050.11117,755,11111111111111 11118, ,1111111128 451.
1439111111] 8811 8,809, 11111110, 884 npexAE. 1,111.11111’1,.111
121111.111117.1,855.11111,111151131511111111189,1111111115,2888,7111111121110,
1111.,,94811111115,,8 55 17,111117,888.11111111112

111111111111111011111111- 111119,54121,1111119,570.
11111111111111111183111111 AE. 3, 708 imago 10,558,111111,858.

11111111111111 1111111188, 111111 5111211111 18, 483
1151111118. 5, 81 400 11111111 11111115, 4,82
1111111111112,8 850 111111111111111111 AE. 8, 458 11511.7,81,11.1,’.191 affl,
1111111111111111818,111111111111885 109
1 11111111111111111111111117, 11515111 11111 81111113 354
111511111181111111115, 495 11515111111111111111111118,
888 111111 1111 11111111115118, 803, 1111111111 111 11111 7,
111,·.11111114,110.11-111.0111 obsidione 1111· 845
14 2153 1111111111 11111 10, 85 115111111111111111111111111111
21212137121212122ὲ23111133113113112121111221221212112222 11112111212132121211232111232111111111111111

11111117,2,88 11ἷ11117, 11111111 1111115111 11111114, (1.8,198

1.111111117,78 stirpe 590 11511128, mm. 5, 77

,781 Leucaspim 111111,111115,115111311111111111111111
11 11111118881. 111111 884 (1.1111454111111111111111,
150 111111ιῶ 8, 81 51111111111113,874 5887911815 1111111
111115111171111181, 5111111111111111128, 577 18, 174

11111110, 1, 890 111111111111111111111111 1111112 honorem Lenaeum 4,

 

