⁴⁸ . 7770117

348.17711111110711710711773717137 nictum Nympho 11555 mmm-20¹&
autumni G. 1, 311. quo 10 motai regis (1. 0, 535 51751. 17115- 1711 11
carmine 11131770 0, 05. quid 0101310707704,150 501. 10, 101. 311. 777171 1
benedicam AE. 4, 4351117117 01017011711111 AE. 4, 73 1711111771 G. 3, 011 1111 ’
horrida 501177, dicum 731777, dietam 1111113 cognomine gen· 7311 11173 77011171 1777
1111 tem 7, 371 1771771331111,
71133777370701315711111. 10,(1. dictamnum 10, 410 dies 1117711111- 1717111 1
legessoederis AE. 11, 301 711311 plut 1111117 de 70777101, 310. 414 11- 1711111
71107133 11110717 E. 4,50. 111710- 10110, 337 · 310111711117111111
m 70, 31. 77777177 (1.1, 117717 77731731107770. 11111311. 1111111
350 585 663. 689. 2,147. 335. 150
7177117311 templis AE.5‚60 777. 3, 133. 333. 3711. 1131Ι sm· (111111
7177177, 1177777717111717777. 71. 01. 107110. 333. 301. 137. 311 1111 171
gruteri& ἓεξέοτίε 11110111· 4713. 1113637ἐς 387. 4114. ἐξ {⁴2 31ῧῖ 1101Ἢῇ ¹
117777137113717770777. 1111 1311 1113115120. 101 71131. 1117111111
7117 8, 5. honorem Baccho Ι373. 445. 3, 35. 105. 359. 117111112
G. 1, 303 3731711. 313, 0, 311. 731. 71777771. 1111113
71777177771771771771.117,3 331. 1317331311. 130. per 7701111111
77777777 et 713717177775. 331. 71101. 311. 313. 1, 337. 1111711·
7,131 317. 11, 11111. 131301. 1133111 1111,
dicens 11100 AE. 0, 550. hoc 10, 605 1111011411111111
744. 10050 513100111171,140.171711711, 433
71107111 sidem surgentia 01117· 505. 0711707733189. parere 51117777 77711 71111111..
tagi 5, 8511 7, 433 71111111 11111111 14111111 “’
7110001030 10, 101 1111117 1771175113 (1.0, 30. 3, 075. incepta ὦ· 11711
dicentem 17117 4, 350 AE. 1,409. 0, 174. monstrum 1111113117 111 31711 2·
dicentur 1171177717 trojae 5, 533 G. 4, 554. AE. 0, 580 3, 05. difficiles 117711 111110 ·
71177777, 370. 3, 71. 3133. 1, 131. 7, 31, 7103177177 517611,
11317 17777 E. 1, 37 1, 7. 3, 373. horrendum 1, 331. 1, 71771771 7777111 ,1,
versus 5, 0 deductum 0171· 5551707511133, 601 17711111101111111
70117 5, 5. digna (3111771 9, dictum 77771171778,714 5157717713001111717
8117011111 1111117771 (1.1,453 3101117013,154 ’ (1111111111 ΜΨ
00171733,45.17101104,5112.71111713001001711101171119171 111 , 7..
73. 0, 701. 4, 301, 10, 555. puer G. 3, 11. dictus sacer 311177ςί101111711111111,“;γ
rium 7, 440. grates 11,503. 17170711 ramus AE. 5, 133. diffugiunt 11·311’1“,,“““
..13177117 7717113113.177,
71101110,40.11310177031101770 0311531111. 1531131113. 319 Ι ,1
nomine 1, 077 11, 441. 7, 507. 10, 555. 077· (1111717171111171111111π
dicetis 1711317713 Ε. 11, 59 17711175,544 195111 , ·
1119111 AE· 8, 173 · 7177777711713 77777713 011113
117371 13 crudelem nomine (1.4, didita terris (17117118, 130 4115
,330 717777777777.7,171 777777711177731111111
(11011711.3,55.Β,53.51. 1, 1117131090.Μο 3611445495, 7115 .,
137. 3, 330. 71031117. 333. 331. 331373371337. 3177777 10771113,
.⁹,»⁷⁹ 713. 71313337. 131177. 71777717777111ςᾕιὶ
7171773331. 17011. 5107. 111 133. 171. 1111331111. 7175411111
135. 7101113177 · 3113. 333. 1031133011 311. 7777171111,-
11717 mm.. 77777, 371. 77711 3, 371. 3, 730. 1331133. 777777 7017147
0071010701 (1011370077101. 11, 74
'gezem 117111) Quam? 63, 7111111ἑο111177710311171711717111735, d· m Μ,
. , . . . na ·
050. 4, 005. 380. 403. 3,,377. (1171170171 urbes 1111077 3, 410 Ι1113.111111111’1·1“”
7, 171. 101, 3, 733. 13, 131. Didymaonis 3, 030 1. 171. 010..
111113131331317711. 177711.1;.1.11.3,31.77.3, 7777701111
17,333.71,11.71111.303. 13731117. 71337. veni· 31111· 11,..
1110071111 111017 1, 111, 5, 30. 01113 (1.4, 455. lubente Ε. 171171ηὸ733,
3733113177 711 71717 1, 7711071 7711111001.
dedit 0, 700. 5, 508. 7, 303. 5113777313 somnique paren [9999ssle
971. 11741. 10, 1133. 13, 81. 170777 G. 1, 008 nin digmssfflfff
117. 1717111330. 11131. 117177 1. 3, 71. c. 7, 133. 1117711110 ’11,
77777 70, 330. vix 77 11717 1. 001. 3710. 3, 103. 17. 0 7771771111. “
7, 337 311 ’ 77777711· 1111
71717717. 07777 77 7771177 17710, 133 g ‘⁸³'
37310 1117375.3,17.(1.1,040.4511. 'tw

*0101777 71773, 171 ³341. AE· 3871371, ⁷32. Qunfflffl

 

