OF worm. 293

1111119112,866.61.6, 11111111111111119,773 ⁹ 6110111161111111112,282
10. pedibus 3, 233. 6, ungo cubilia 111110 111 opium 111111,101,ρ11111’111.

15. 9, 664. 11, 723. 12,
50611111 G. 2, 423. morsu

G. 4, 46 voca Zephyros 4, 223

unguem, in unguem perfecti 101161111041111111111111111·

2, 277 quc gubernatorque 3, 263

uigor anchora AE. 1,169 11ἐ1111101 3, 635. 61. 4, 673. 6, 101161111111118.2,23.1111·

11 rrum. som 11111114, 398.
11111 11611111 11611891

ros per 111111 G. 2, 384 unguine G. 3, 469 ,

52. 8, 663. 11, 86. 752. 1611111 G. 4, 526. munes
,3, 393. 1011111111 6, 98.
Danaos 11 arce 6, 619. tuos

12, 255. 871

111 num. 1311114111. 1111111111111111, clamore 12, 312

fflcmfflrmm

, 196. 6, 11. 6, 326. 7, 466. 1115111111 10111116, 219

876. 12, 339. 533 1011111116 1111111111 6, 821

vocabitur 110111 i, 299

9, 212. 291. 397. 669. 1111.1 1111111110 culpo 4, 1901111611 vocamur 101 1111111 11111 iu

mummffimr

wnmwumowmmmr

27. 6,174 229. 367. 385.
133. 7, 769. 8, 87. Ι589.
1, 790. 12, 91

6111111 vortex 6111111191.
mm

1111 G. 2, 243. AE. 3, 673. 5,
momoumm
61111 E. 111Ι 6. G. 1, 198.
296. 2, 461. 3, 339. 4, 529.
AE. 7, 239. 636. 11,625. 111-
11101911 (1. 2, 462

161111 1116111164366.
5118. ,1,618. 3, 302. 389.
699. 6,714. 9, 22. 19, 282.
133. 11,327

1611111111 rumis fornacibus
18111111 G. 1, 472. Cytorum
1111110 2, 437. 61110 Nilum
³. 28. mino pulvere 11111111
682699

16111111 habena· 12, 471
11611111 lora 6, 14615111
6111111111 9, 218

16111111 umore 111998
1161111111 {rheni 7, 463

1611 E. 8, 69. G. 1,386. 438.
4, 236. 396. AE. 1,147. 2,
2117 3413. 662. 4, 253. 628.
6165. 869. 6, 295. 7, 269.
rra. 8, 638. 19, 766. 11,
mmmm
1611111111611111 per l, 119.
617. 4, 881. 6, 696. 796. 6,
3711. 7, 299. 19, 247. 659
1611111111.

161 11111111 1, 6. 743. 6, 123.
668 81119769 8, 71
1161111110, 11111111 undecimo

96611 mom

vocnrnus 6110111 portem 3,
110 codemque igni E. 8, 81. 222
dc cespite G. 4, 273. 111111· vocans (1.3, 393. 111. 6, 247.
111011111111 Ε.. 1, 312. 11 11, 731. 12, 759
obtutu 1, 495. 111 crimino 1011111131111110111111111 G.
2, 66. ordine 011111 111· 238811111111160111011111
1111112, 192. ordine debilis 4, 79. 1111111111 AE.1,1uu.
6, 271. 1100 responso 6, 344. quo mccunrquctcrro.» 1,619.
cb sanguine 8, 142. 011 11, 11 11 11111 11, 147. 1111 G. 4,
132. 12832111111111 1111 496. 161. 10, 472. 11, 97.
12, 614 animum 11 1011111111011111
unquam poesim. 61111111 12, 487
unum, 111116 unum 1111111 G. 2, 1111111111. 1111113,367
8311011111111011111111101111 1011111111 111 11110111 G. 3, 393.
AE. 111211. unum 11 com· 16 011111114269101111118.
11111111 periclum ambobus 5, 221. socios 6, 869. 9,
11112,7116.111116111113,435 768. mrum 10111 vesto 11
ris rnc e 0111115111 91111111 gremium 111101 87121111
611. 3, 692. eruto podem voce 12, 638
vinclis 4, 618. pro 1111111 1111111111111111611111111111
6161101111111115, 816. 011 6, G. 3, 148
196. 9, 284. 19, 993. 12, vocanti 1111111 12, 179
89. contro 11111 Latinorum, 1011111111 regnu 111111 AE. 6, 656
clypeum 8, 447. quod rebus voccoribus zephyrio G. 3, 322
111111111111193671111111 voccoris viri verbu 111. 4, 469
111111 pugno 6111111111 11, vocare Hesperinm3,185.dcoc
649. 1111111111εωί11 pugno 1111111106,686 .
,4111111111 11, 783. 11111111 12, 10111111111111116016111119,
499. 111 lucre 111601 pro 172

vobis 12, 914. unum quern vocares 6101 E. 1, 37
6011111 611. Nauium 5, vocari AE. 7, 264. 678. 8, 322.

794. 16 01111110111 ’111-
1111111 6, 687. 11 uuum
{f'mvi'i'ifflss iiiiii&

11, 229. 12, 824. 10111 G.
1, 42. 111111 11111 AE. 7,198.
12Ἇῖ13111 7, 256. in 111111 19,

1011 111110101111119,8111. vocaris, quocumque 1011111

coit 10116111 virius 111, 419.

clulizceotur 101111νὶ1101 12,

{Sciam pro 1100111111 E. 3,

rocos 11 1111161922. quo

11111 mc jam 11111111111111 111111115118.19,36.11· 111111 vocor 9, 94
1111011111111119. 4, 184. ab· 10161111 cadem mc 116 11114,

duodecimus E. 8, 39

rudique partim.

111611 8. 9, 39 G. 1,31. 3, 669.
41262. 493. 311, 199. 1114.
mmmwmfflr
2119. 216. 417. 697. 696. 4,
999. 6,151. 193. 629. 789.
868. 11339. 364. 7, 688. 719.
3. 719. 726. 971199 6114.

momwmffl

uwffimw
1111601111 Ρ1111ωγτίυιι13,693·
11111014, 613

cst AE. 1, 584. justissimus

678

qui 1011 in Teucris 2, 426. 10161111 divor 11 101115, 234
notorum Priami 6, 527. su· vocnt 2, 614. 9, 619. 11, 376.

3166616661, iii. 11
honos 1111 0111191116, 3118.
1111 11111111 110. 6, 814. iu
Μ1111101 1111 11 qui 111.
6, 849. justissimus qni 11111
Gulosus 7, 636. vix 111111
Helenor 11 Ι. cuc clapsi 9,
644. homo 9, 183. 111101111-

442. 12, 483. 661. atque

6111 atquo 61111 crudelia
Ε. 5, 23. voce cornix plu·
11111 G. 1, 388. 1111111111
Leone 2, 529. 11111011 ci-
11101101343. AE. -1, 393. Eu·
11111 16 cc Zephyrumque 1,
131. 116 fremitus 2, 338.
lox 1111111 victor 2, 638.

 

,Α

