08 worm. 169

1111111116111111 (1.8,193 hr- 1111 9, 333 111111611γῶ11, 776
meror deo AE. 1,589. 111 1115111161111111111119,415 11 qne 11111. sem. ring. 1111
4951111111 Mercurio 4, 11111111 1111 11111111 G. 3, 1111111111111111111.
5681111111115,964.Ρ11111· 507 11 quii qne, quomodo, 11111191
511115,819.111[111111111 7, sinister Notus 1, 444 1, 18. 8, 943. 9, 76. 459.
599.111111111111119,659. 1111111111 cornix E. 1, 18. 9, 15 519. 889. 10, 134. 458
111111119764. 11111111 1, 11111111161.1111111 AE. 5, 467.. 11 1111.1,119.11.1,199.
698. rnre 8, 396. 11111111 6, 511. 10, 961. rupe 6, 648. 1367. 11,

19, 471 1111111119,468 11 111111 Ε. 9, 93. G. 1, 959.

11111111111111111 11111 G. 9, sinistre 1111111111, 10 . 9, 198. 3, 98. 4, 998. 314.
131. somno 1611111 AE. 9, sinistram 11111111 9, 671. An· AE. 3, 609. 10, 979. 893. 11,
794. 6, 799. morri 6, 599. 11111 10, 645 653. 19, 769. 851
proies 10, 391 11111111 prdie 7,689 siquem G. 4, 6. 981. ff. 1,

11111111 5, 901. 634. 893. 1111111111111161119,443.111111· 169. 181. 7, 995. 996
111611 111 19, 119 11 quibus l, 578

1111οό1111 i, 618. 3, 309 11111111 111111 10, 169 11 quiequam 4, 317. 8,149. 11,

iners 1,109. 6, 88. 11, 957 111111111 11111911 111116839- 416

11111111 111111111111111111 11111111,Μῖ 11 116 E. 3, 69. 7, 10. 9, 39.
G. 9, 78. nen vin 1111111 111119, 779. 19, 497. 433. ,1, 603, 4, 317. 389. 6,
3, 489 , 700 688. 7, 973. 9, 446. 11, 374.

111 11111 11111111 1169811111 111111 9, 669. 9, 699. 10,·16. 19,159 ,

,6, 747 19, 316 11 quir Ε. 6,9. bis 7, 44. G.
1111 reperirem G. 3, 901. AE. 111111 crescere 111. (1.3,996 9, 49. 8, 453. 474. 563. AE.
l, 513. 631, 639. 9, 99961111 1119959 4, 319. 398. 684. 6, 419.
6, 675. 9, 318. 319. 19, 968. Sinonem 9, 79 9, 910. 91 Ι. 19, 66. 68. 167
768 61111119, 196 11 quir urm 19, 761
mni siquem G. 4, 939. AE. 1111 optantis, 111 1111 1111111 1111111599
11, 1118 1111111 digner E. 4, 3. pre· ri quoe Ε. 5,19. G. 9, 965. AE.
1111111490. 19929 epicuru, 111 11111111 ribi 9, 490 ,

11111111 G. 1, 477. 4, 479. rint imbres G. 1,443 Sirenum 11111111 5, 864
AE. 9, 517. 6, 586. 674, 7, 1111111111 recepit 4, 369. Si· 811111 G. 4, 496. AE. 3,141.
89 ennio AE. 3, 699. germanum 10, 973

1111111119179939. 779 1111111111 fovebat 4, 686. 111 Ε. 5, 66, AE. 1,339. 19,

1111111 innita 1, 359. 1111 labens 1111111111 Cocytus 439
chorum 6,517 61391111 re 1111111111, siriam 11 111111 limine prr·

11711111 vntum pro reditu 9, 233. perfundit 1111111 11, gig 9, 699. 111111111111116,

1

1111111 nimbos 6, 691 , rinurntvoiumineiergerierer· 1111111111 111111111111111111111

11111 spem'vniru 1,909 1111111611 9, 998 Ι G. 9, 489

111111 161. menie 4, 105. 111111111111111111111111· 1111111111111111 1611634.

11111.)1111.111111 1, 710. Ι1111113199 Ι111111116466

1111111111Β 1111111111ιι 11111111 7, 111111 1111111111 11131111 611111 ω1111111δ14ξ1ῠ419. 3151911111,

386 G. 3, 938. implerit iacry- 873

111111111111114, 619 11161130. implevit 111- 111111 clunem in 11113, 117.

1 1111111, gnie 10, 819. 11 riuum 1111· rem 1111111111 6, 868

rent si qur sm ι, 18 6111151619 7, 347 11161111 monstrum infelix 11·

11111111] pro 1111111 proieci sinunt 111 et jure G. 1, 969. 1111111119,946
1940. occiderit 1111111111 1111111 11111111 111114, 7. 111111 eum grege ed 111111 8,

11111111ηρ99 111 1111111 eoeio 11111111 86.11111111110,309.11111

111116. Ε. 8, 19. 9, 43. G. 111. .7, 970 . 111111161111111111110,393

4, 47. 90. AE. 6,163. 717. 1111111111111111 11, 763 irie ee 11111 1185311111

9909914119. 10,598.11, 1111111111111.1,944 19355

606. 19, 96, 680 11111 nrm. ring. angustus 61 111111 111611111111111119,

1111111111.ρω1111. nodo 9,· 76. extremi orbir 696

iebant Ε, 4, 661. 11, 701. 9193. ultimus 111611 111· 1111111 111111 G. 1, 479

19 147 1111115113,494.11111111 111 nerim.

ren'rsm 6‚s7o ' 111. 9, 93 Terenti 3, 551. 811111111111111.11,16

1111 dolor 6, 31. 1111111111 arc. plur. 11111 111111 G. 9, 1111 G. 9, 353. 3, 434. AE. 4,

ieme 11, 103 331. 11 11111 1111111111 rein· 49

res ,5, 391, 10, 26 1111 sere unde 4, 490. 111. 1, 1111111 11ρί11 Venerem G. 3,

1111540. 6, 96 161. iiiyrieos 1,943111111- 137

guin 1, 463. 6, 793888. 8, 11 nodo 1, wo. impiere 11- 11611111111113. i, 66. 111111

618, corpora G. 3,471. 11· 111111 3, 456. 1111111111, (1.4,496

11111161 ΛΕ 3,348.111111· 6891511111 in 11111115, 111111 E. 5, 47. 11. 3,397

1111119311 16. dextros roivere 5, 861. 11913483

gustantem sunguine trun· 1116111118,2ἒ19.111111- 11111 herbe 11111111 Ε. 7, 57

 

