01· 17011110. 10

1111011110,οΙοῠ 040, 10, 400, 000, 000. 11, 470. 0, 400
1111111111 1111111111111110· 100. 010. 000. 11111110· 1111111010 4, ³. 10,0
01110. 10001111111111111 11111111,11111111111110 111011111100101,40.1111111
1010000 10, 014 010. 0, 000. 11111111 AE. 10,
>alemano 1110111, 417 1111111010, 1, 70. 77. 1000, 701
1111111 11111011 10 007 100,0,100,101,000,11·1.1110111104,000,ὣ.1,701.
11111700 00000144. 007. 0000. 0,100
1111110, 400. 11, 000. 10, 100 11,070.000.10,110.100 11111 Ε. 0, 01, 04, G. 0, 417.
11111110, 010 111111110100 AE. 1, 740. 0, 170. 0, 100.
11111011 11, 414, 10, 400. 1111· 11110111 1110101110 0, 00 000.1170.444,0,110,0,00.
1111111010ηο 110 111101111101,000.1110111 7,000.010.10,101,10,
1117111111 111711 formidine 0.,,0070 11111111. 0, 01 004
1110114, 400 11111 71111110.. 0, 744. 0, 000 1111111100, 010. 10, 049. 044,
1111101111111111101110,0,000 1111110110. 0, 030. 4, 000 10, 011
11111110.0,000,0;. 0, 000 1111111000 1, 70 1111111111, 000
0,007.0,000.0,00.11,107. 1111111014, 1,0, 01 1111111111. G. 0,.440 100,
010 10, 400 1111111111, AE. 0, 70 070
1114400 111113, 407 1111111011.0,0,0.1,10.
1111111. 0, 440. 0000 0111111001111111010,00 0,170.1Ε.1,1,8,40
11111110,οῧ “ 1110110440 011111101οἓ7
11111111 11.. 4, 07 1111111111 11111111 AE. 0, 573 11111471
111 G. 1, 00. 6010130,1111110111111111101111-11111111,101.0,0,101
AE. 4, 700. 8, 000. 0, 470 11110110,000.11111111111111110000
1110. 1, 100 1111111110, 01 11111110.4,111.10.7,711
1111001144 1111111111 1111111111 0,005.11111101111Ε.10,01
1111 10101011 0, 070 corpore cycnum 0, 000 1111100110, 70
111 4, 00 1110111111 1111114 01. 1101101 cantando ³: 01. 00. 0,71, 0,
11141110, 0,00 6, 700 71. 0, 00
'ybe AE. 7, 410 1111111111 11111]11111.Ε.0,40,,0 1111111110, 00. 04. 00
711117, 000. 11, 070 41. G. 0, 000. 1010, 071, 7, cantantibus 10, 70
11111113, 701 0.0,00.100.008.11101, 11. 11111117,0.10,00
11111111 AE. 10, 000 0, 70, G. 4, 007, AE. 0, 700. 1111111111 10, 41
1111110004 0, 400 1111111110, 04
11111 7,000.11,400,400, 1101110110.1,00.7,31 1111011010,17
70. 003. 040 001. 000 1101111010, 10. 0, 00. G. 1,111110,00
11111111Ἡο04 0800010110. 017. 0, 007 11110 (1, 1, 003 0 000. 4,471.
10 111111110111111010,000 17101110. 170 7, 10, 04.
1111111111,040.700,700. 111111111011110,400, 11111 704. 00
0000. 000 capiti Dardanio rebusque 11111110, 010
111110.0,100 101111, 000 11111010, 1, 400, AE. 1, 000.
illum 1710800 1111101110, 4, 000 7, 041, 707. 0, 000. 400. 10,
1110, 000. 6, 000 canebant AE 0, 1047, 70. 100
11111130,ὀο 00010,οθ 11110110.3.,000404111,4,
1111111 10140 1111011 E. 0, 01. 0, 00. 0 4 100
3¹ 00.· 00101111 11 111, ’13110111 0“““ἑ..;1,0111’11130
1.074.10,710,111111.11101,11111011 geminis 111111111- 00004. 717. 3, 400, 0, 710.
0,.400 3,198.1Ε.3,701.011,1111111111111010,410 0, 077 10, 040. 11, 0011 ,η
100,0,441.11,000,10,11110111100040 111111111004
1111111010. 0,(17. (1.0, 1 11111101, 70 70. 4, 01. 0,00.
...8140040 1111111110. 0, 01, 0,0 10, 7. 00. 77
.0,13..000 111111100400. 10, 417 1111111110, 00
,000 10, 11111010. 0, 000 11111111 1,10.,000.,70. 0,
,.400400111111111111,0,,.,,4400001 00,,,00100.0,00 007
nemmem 10,100 0111111110, 7, 007
· 1101111110, 007 1111111, 0, 00. 7, 7.(1. 0,000
10.1,401.0,140.000.11111110,000 11111101,Ι,000’.070.0, 1³9.
33610,ωο 400411.1111111110,0,10,100.Ε.10, 007
7,701. 8,004. 9,40,.00 410 1171111111,,,·774040
111, 540, 763. 11, 400. 1111111111. 0, 0. G. 4,110 1111111111οΛΟο
12 90 363. 400, 771. 11111111οη0 10 1111111110,οΜ
111110,1,470.0,44.040,10. 1111111110, 004
mm 11‚ffi6 6, 007 7, 404 0, 400. 01101110111, 000
(;,,ι 36.4804000111110.1,07.,011 111117,οῶ
ν1,,ε.1,ι1003,11.1111011111,11.1,,116111110111606
4,1.·,.,00000 0,.0010,07,.01,,,140011111100104000
677, ’7, ,040 071, 410. 400, AE. 0, 4007, 1111111111, 400

 

