01 1101188. 11 ,

81106, 77. bobum 81116 0. 4, 341. AE. 6, 600. neptem 6710, 1611110,

11161118,181 646 010. 10, 168. 8001111111

11111110. 0118 076. 466. nemen 6, 660 111 11 precept, quentne

AE. 1, 784 Bianoris ll. 0, 60 ᾖ. 6, 678

mein 1.11,11.1.1,111.411 61611111 Hebrum 0. 10, 66 81111111 0. 8, 461

11111 0, 188. Ξ. 8, 688 616111111111111111111 0. 4, 80 uui· ὣ. 1, 788

1111111 0, 710 e 616110, 606 8111110, 708

lanium 11. 1, 070. 8, 467. 61616111111111111111110. 1, 811111 0, 670. 11, 806

01688 740 bitumen 0. 3, 461

11116110, 666 61611111 1111111108, 111 bitumine E. 8, 80

1111 08664 6161111111101,114 611111111111111. 11, 616

lulum 111. 0, 68 61611111 senilium ὦ. 6, 007 bivio porte 0, 088

0111111161 G. 1, 810 bibulum lapidem 0. 0, 848 611111116807

111110, 110 616111 Tybrim AE. 7, 716 6111611 0. 8, 186. 406. AE. 1,

111 AE. 10, 406 61111116, 666. 8, 076 070

11116,818.10,074.040 61111111111111 0. 1,064.0, 61111111611108, 107

1111118401 860 611161111111 Ει4,08

1611118046 61111111 1111111108, 707 6111111 G. 4048

61 l). 600. 8, 84. AE. 8, bidentem 10, 170 Bolum 1116, 776

0106110111 1111111110. 11111. bona mun. (11411

6111 0, 077. 10, 888 , 6, 06. 6, 80. 7, 08. 8, 644 601111Ϋ1111111111111100

6111 1,680. 11, 777 bidentibus 0. 0,400 447. 111 AE. 1, 784

1111111118,ωό 61111101114110 6111111668

111111 1111 0, 604 61111111 uentum 1111111111 B. bouerex 11,844

11111 Ε. 1, 70 0, 618 6111111111 1111111117. 6, 1.

is G. 8, 866 bisol-mee 81 1111 6, 086 1111 mibi 111111 111. 10, 647

111 0. 4, 48 biformis proies 8, 06 61111 1111111611 11, 486

111 4, 680 6111111111111111 10, 108 6111111110 8,106

lum 7, 780 6111111011117, 180 bonne 6, 61. 66. AE. 1, 106. 6,

111 Ε. 8, 00 bigis 0, 070. 6, 701. 7, 06 10, 641. 770. 0, 670. 10, 400.

1 AE 6, 680 164 11, 106

1, 04 bijuges equi 0. 8, 01. equos 811111 G. 1, 000

11 E. 6, 80 10, 866 81111 0, 816

poli Ε. 6, 878 bijugi 11111111. 10, 068 none 111611. 1, 08. 870.

11 0. 8, 004 6111111 10, 800. 468. 676 117. 10, 310. 10866 plurali

AE. 1, 601 614111 1111111116, 144 nominatim 4, 440

n 0, 80 bijugus 10, 687 8111111 0. 8, 078

61111, bellis, 61111, bel· 6111111111111111 10, 876 811111 111117

6 pum nd 111111 n'n· bilingues Tyrios 1, 661 611 6, 481. 7, 700

1111... {nullumne 11, 11111111 a:

111 inme 111 munuum ·

1111 0. 8, 004. AE. 1,466 611111.0,40.6,67. AE. 1, 818. 6111118188

uim G. 8, 188. 111. 10, 6, 61. 806. 667. 7, 688. 8, boum 0. 1, 306. 8, 011. 410.
168. 0, 068. 10. 166 AE. 8, 000. 047. 6, 61. 406.

111 udin& n, 660 bina 0 1, 170. 4, 06 8, 017. 11. 107

18, 400 61111 ondit 6111111111 Ε.6,06 61116110. 1, 0004, 174. Ε.

11 G. 0, 146. AE. 0, 701. 61111 E. 8, 80 0700. 6, 186. 864. 877. 406.

11. 111 111. 11, 111 1111111111 pono 1. 1, 111. 411. 111. 1, 111. 1, 411. 111.

ν1Γ11511ῗ61οῗ8η7ζ6116 uigilia 11111111, nmine· {loiffg’lffl wem

lene mgna 11, 8 11111, (1.4, 880 11611111, G. 16006808. AE.

17, 310. 8, 708 bipennem 11111111 0. 4, 881. 6, 080. 10, 000. 1111111111·

011111 6, 087 AE. 6, 807. 11, 661 loeis 1111116111 portu Ε. 8,

. 730 bipenni 0, 470. 11, 186 636

601. 700 61111116110,607 61111116,οω

l G. 0, 160 biremes 1, 180. 8, 70 breve lempm 10, 467

1111. 10, 006 ι 611 8. 8,6. 80. 84. 0. 1,48. 401. 611111 1111111110. 4, 104

8018181111 1111111181 1011113111111

1111111 AE. «13111116 801 88. 184 611. 0, 600 686. 61111111111 0. 1, 810

omem gentianum 111. inune. 11111111, brevi· 1. 111 1. 111

11191111οωὶ 1111 bo· 84 680 . 6111611111 eureus 61. 8, eoi

ῃ 9, 206 6111111111 8, 618. denne 11, 611111111,661 0,11. 4, 680.

‚tn G. 8, 606 806.1111111,381.11111808. 6, 801. 808. 638. 0, 868. 10,

111 mentm Β. l, ³04 611116101οᾱ beni 6, 661. 061, 687

,11. 6, m ι0, 80. 610 11111 E. 1,44. AE. 11, 181. 811111116, 081

 

