br WORDS.

8, 704 011010 128661100801010, 0110010010 1
0010101011 Anchisiades 5, 881.010111011111111110,608. 1111101010 i
407 01010 1 ,400 juvenco 11, . qno
2181111111· ⁴³ ¹⁷⁸· ..11111111 ..1. 1.. tinnio? ¹
01110101 1, 241. Coto 6, 10017,18.1011101111111, 814. opero
8111101016111101 9, 426. ,urorum 12, 642 1111110101ιί10 1
Bellipotens ii, 7. 10111101 11111101 1οο000 n. 4, 22. 110· 10, 488
12808 101014,48.1011006.1,140. mojorem 101 1
0011110111111011100118. Cumiiioo 2169. 01001002, 886
8, 6. 1101111110 G. 8, 21. 10· 260. orbes AE. 1,262. 010· majoros 011111 1
010 n). ii, 104. 11100110 8, ieros 1, 724. membrorum 6106226
286. 1111110 4, 288. 1110111010 01100 6, 422. omnes 6, 671. majoribus 01 1
6, 228, 166. incepti 6, 18000600 8, 841. 2010100 ii, 874
714.1100101106,166. 111111 268 11110110 pugna 1
6, 6410101010 7, 707. Dio· 1111100111 10010 incrementum 010100 010101 i
10011118,2 {equoris 9, liii. . 4.42. prr 100110 6, 81. (1000101101 1
1000100,218.1600102,761. 0111101011 Corydon omn uiiud 622 1
10, 880. Achaim 10, 844. ΤΙ111011107,16.00011011(1. 0111001000( ,
011101112487. 1111110111. 21581011010010 2, 88. 00100 7, 886
100110012212. ordonide 10001001 Nilum 8, 28. 001· 01110 062 noa 1
AE. 6, 45. oon-o ooeiicoiu 11008,206.1100018,268.10 E. 7, Ι101 ;
10,6 orbem glomerantur 0100 4, 10010 vipera 1
unguis 0011011600 G. 2162. 72.01110014,888.11010011 0082111 1
Aquilonibus 2 884. 011110- 111.1,800.110101110101,602. 11111 261. .
1111110276. 612, 128. 6, 126240010101027166, 471. mont
841101161024, 164. 1101- 28. mitium 2, 120. 10,18. 278
va componere 4,176. y· 000010 8, 284. 0101010 8, 1011010111. E.
00111061.2,881,11108,12. 626. 2, 846. nonen 4, 94. 6128768 1
8, 612. 011001001ος00 11010 7, 412. 11, 228. 1010011101 010100000100
2162 clangoribus 8, 226. 6,248.110111006,414.10010 10010 1111111010 1
1101066002668011101010 6,628.1100116,78.1“110000 ll, 681
0110010 8, 842. muneribus 6, 122. 010000 6, 626. om· 1110101116, 128
6,682.1101101106,88.811- 10111 6, 688. 0011 010111 00111 maios 1111104111 ’
00001610101108,686.10011· 1,1001011010111,010.11, 824
11002, iii. 11111100 iii, 474. 47.1101111107,811.0111011 1111101001 1
terroribus 11, 448 divis 12, 7, 706Δ iovem 2, 82. 011· 242. 01010 1
286. sindonibus 12, 620 10111 2186. 10, 647. 0111· 1001600110 1
‚agno grege F'.. 6, 66. iri· 000111111οο 2706111 01· 0011010 010111
donn G. 218. AE 2, 610. 1101112462. gemitum 10, 1100100 001101 1
001010 (1.1,12001101100 i, 464 decus 111601000- malesuada Fun i
881111. 6, 742. stridore G. 0111001 11, 284. 6011111001 maii 2680 2, 1
110101100001110. 11,·111 oo. 10, oros:
6, 727. 2711 12478010- 0101000111101106.8,104. AE. 01011101101011111
1010 G. 2, 467. 010 8, 224. 2, 664, ordo 0100101010 E. 4, 0111110101 14110111 ;
AE. 12, 692. mutentur reiio· 6. 1011111οο 4, 86. uer (1. 2, 740
8 2111118811έῖ 1· ifiigiibffiiiiiuffi iiiiii?
1 · 1 · i ·
130. n. 1, uo. 0111. o} 10011. m 01 mpr 10000, 10111101 1
176 2,721.0101010101,66. 1011110111,2118.Εο00010, 1011111110 000110 1
1242160. 6, 862. 11011010 162. quim magnus 01100, 0101101112161
1, 148. 110010 ieiiurin¹ 1, 171. quonian 10, 768. 0100101 11, mulis 111611. AE. 1
inin 2288001010 2844. 466 96866612. ,
676. 4, 826. 6, 6. 00000100 Mago 10, 621 111001 Ε. 10,1
1. 608. 12822. mercentur 1110100011. 8, 1880111. ge· 1112828
pretio 2, 104. 10100110 2, 011011 «2011011010 1,297 maiis 1110111111 11
122. 2867. 12662. 110110 1111001010 “ sumere 01000,
2, 188. 11,225.10111100- Maiam AE. 8, 140 3‚267.uudocii
110108, 42. 10 100108,211. 010100111211101001001010100· 60001001121
amoro conjugio 1011100111· 1011112820 12766
ius 8, 880. pocione 4, 448. 01110110 11010 Ε. 6,4. 101010 0111100011. G. 81
estu irarum 4, 682. munero 110 1110600110 G. 2416. 000 1111111 AE. 4, 108
6, 687. Latio 7, 64. omino 11101110 1011 AE. i, 646. irno- 11111011. 10, 68
7, 146. in gyro 7, 872. 10· go 2, 778. videri 001111 6, 1101οΤ101001111
nore 7, 462. irugore 7, 687. 421010100111110110110101110 111110 Ligurem n
677. 1111111111 0011110 8, 7,,44. Mariis imago 8, 667. 168
108. amoro 1011 0111 2, 127. 01111000 12, 422 maio 1101101111.

 

