09 9401108.188

6,4688,50,61,903.114111411 1111111111110,,·3 1111111111· G. 1, 395. AE. 4,
686 115611, 10, 599. 915 ·· 467
11, 4 44. 99. 947, 114111Ε.,,176 1864198 11418143, 995317 8
565, 19, 383 49 38. 99. G. l, 193. 197, 348.
’9119919919 ”99 9919991919999 4311111111
1111111,5,945,379.540. 1141111119, 555, 9, 345 ’,458 655. 6, 689, 585, 19:
13. 640,167.10,463.1141111111,1111411111114111111 638 -
141 1111111116 l. 354 114111111Ε.10,96, AE 1, 584
119, 368. 7, 6569450. 11111111 pingit 1101111118. 6, 11411110 4, 191 AE. 34316,
167 91 454. 481, 8, 353
5,950.366,9968 1141111111πί 11,,1111511108 114111115, 411
1113119, ὢ.9,584. 108. despectare AE 1,396.111111118,3,14 AE. 9, 969
598.11,989.436.19,811111111114119911111494. 1111111111, 399
596 111115, 911 1141161 ⁰ ,,5119 4, 459. 509 AE.
1111118988 5,111 1141111111111111 3, 96. 411111· 9,.5117 519 3596 4,453
11 G. 3,97, 997. 698, 411111111119, 99. palantes 581. 6495. 684. 116111. 9,
111, 614. juvenem concur· 549. 16, 365441454, 791.
9,,668 8,713.19,17,1111111 19,149 790 891,11,46 963. 854.
9111111 1, 68, 8,11. 1141111 dicere &c Ε. 9, 85. 909. 19, 999. 394. 446
19, 391) 11111111 1111111111 16581141141111 civibus urbem 8,
1111111118813 reperire posse 111. AE 9, 571
111 111111 111, 3, 54 195 viduata 111111 nunquam pruinis
ι animi compos 7, 644 1141111111161111111111111111. 8111111116.4,518
Camillam, 164 Ε 3. 10. 6, 14, 9, 54, G. 11316116311111151111111519
9,,4158411446 1,4911,,9438,3,91.189 88
1 11151.(1.1,149.9,189,986,134.496818.1151111551611111111111114,175
3,390. 1198149. 8,1079999,683,19,513.1151111 et 1111111111 611. 10,
11, 899 19, 441. 937 999
1 1111111. Ε,,.459 7, viderem eonjugium 1111. 11, vigilanda, quoe 11111114111111
1991684919646, 910 G. 1, 313
943 11411111 scintillare 11111116, 11111111111111111111114111111
11111111. Ε. 3, 91. G. 1, 391 6115315 .
125. 4, 443. AE. 9,699. viderer, 111 11111111· 11111161 vigilantia sugit 111111 G. 9,
3.10 9, 337. 19, 99. 43341 965
154. 813 1111111186911844111 vigilantibus oculis exitAE. 6,
11111110. 4, 491 616 11, 43 19, 636, 810 418
,’1161111111101111,Ε.1,1141111859 11, 417, 791 vigilasne 11111111 gens 10, 998
11111118 3,.65 6,,94 111, 9, 1111111111 11114 513
11, 56 G 1, 387 501 8, 6114 111, 961 1111111111, 11114. 90
1 ’4, 476. AE. 1,189, 4, videri pro 1141511119,461,111111115411111119966,110111
6,,49 19, 916 111119,2 335 1111114189.
1119195 8, 860 11411111111111 1111161111111· 1111111119,991
119, 9791311 3, 174 1111161, G. 3, 465 1111111111 1111111111111111119, 159
Ι11Ι,466.6,863,11,359,,114411111111111311111114 viginti 1111101 6534111511.
1111111119, 48
116 Ι, 365 455 184,1141111,11111114111181111111 11116411. 4, 448. AE. 6, 730
,566 6, 813 11,53.Ι9,1111111111111111 AE. Ι, 965. 1111011119, 611 ·
,839 111111111111119,799, 411 1111 11115, 5911. 11, 937
118,4,15.141.9,579.11,11111111 pater 111, 744 1111111111111110 1, 997
..l9, 645 1141111119,144.19,139.11,111111111111111198 11, 879
1111111111 videbitur 14111 141 19, 549 11111111 [1011116 1, 974
4, 16 1111111..111,41.1ε.1,,.331183 1111111 11111118 7, 49
01, 77, AE. 6,.634 10, 9 609 3, 316, 4, 416 6 1111111111111110 l, 165
.l9, 68 3917608117356 9,11111111118.1,83
1117,101 9111.739.11,119 l9, 33 111111 G 3, 336, 446. 4, 877.
11111111411111111111119114111111141111115111161,13 Ι, 7119
1 56 3 1113 9511 vinosa 11111 pectora 01118,
11110.1,451,,939.,Ε1111111918..,,.,(11943ΕῙ 966
990. 599. 584, 656, 11, 198 3118. 456. 516. 3, 548, 111111111111111111118, 177
1 8346956196454111164199181595
1’ut pro videsne 6, 719 649. 703 7, 89 990. 9, 396. 454, 6, 4110, 10, 77. 695 11,
Ι114111111111111111111114119, 555 1111911, 9. 861. 7511191911 7991611111
1 918 11511111141111151111111119,459.11111111 verbo
141 Romam 111111Ι tibi 11111· dibus Ε, 5, 57 crediderat 16 ,547
11. 6971116111 mihi 114111161,1111,3,191,11,11111111,1,19.1’.11,1,31
111111541117 8119 1111111110. 9, 945. 414

 

