03· 17011113. , 161

1111361111111 1, 113 13, 331 (i. 1430111 6111111111 Β.
11111 11 resideret ue. Β. 1111111111 111613, 7116 1,163. 1161161611 111111
um veneunt 1111111 1111111 7, 13, 316
11611111116111161611 iu· 633 verubus G. 3, 336. AE. 1, 313.
1111111111161 G. 4,33. 161· vertenda 11111 16111 G. 1, 6, 103
cipe 1111111 4,176. 11 111· 173 veruque 31111116 7, 665
1611 venti AE. 6, 363. 161· 1611111111 luminu Ε, 3, 433 111011 conj. 3. 1, 36. 3, 3.
1111 11111111 3463 1111111 terrum G. 1, 3. 147. 36. G. 1, 417. 3, 663. 4, 33.
161116111111611111,661 11161111136111111111613, 147. 3011406. 443. 613,
11116 116161 3, 63. 11, 704. 33. predae ed 1111611 AE. 1, 603. 3, 443. 670. 4, 603. 7,
edii· 1161161 7, 336 633. seeum 611611 3, 663. 631. 11, 637. 13, 333
enutrientium 13, 664 6101111111 6111113146. verum adj. 11611113,313.11·
111 adj. ed littora puppes 11 vine 11 cruorem 4, 466. 66111113,436
10, 363 116111111164,433.1111116 11111 nuntius 6, 46611161
11116116ωηί1 Ε. 3, 6. eui 6, 310. terge 6, 431. 1161- patrie 11, 333
ἱωὲἕθίμοω 11 6111611011. ²:²³, 00210οω1103ῧᾷ 111 1111161 ἕοΙιοοσΕῦ. ⁹233 ιο
. n· . ee . .
111. 1. ῗῗξὲτῗξῑῖιῗωθμ. 11111016111661 1011 u. 3, ’Ἥ umes ' ⁸
111611 4, 336. 3, 31. 116161 143. 11 311111111161111 3, 11111611111110,633
u ρῗ116114,1663.111ἓ1114.186 111066. 51918118611 1111116οξ8. veiguhe 11116111 frondea G. 6,
r 611111 . . uem 11 1 ,
giganta& 1110111111 ρ1011111111,733 11111111111111116111 eiiusAE.
ii 11111111 geieem 3, 6111. 1111111613116166113161111 6, 667
11111 11111111. 3, 747. ee· (1.1,313 11111 Tyriae AE. 111611611111 1, 646. 3333.
00113000111000110101013010 zuo 11000011 1611111111 6111110. guisiam 3⁹ ω’ wgo bom
’1116111663 111111111- 4, 411 vescumque pepuver G. 4,
116111611111111,763 111111160111111111116111111 131 ⁸
{uage om pamm Ε. vuisissgssmivum 11 11671611 ggsffiuffiugffiusimffl
11 terge 11111611 AE. 3, mii. 111. 3, 636. regique 7,101. 3, 336. 4, 136. 434. 474.
6111116113, 766. metu 1 11 memet 11 omme 7, 303 AE. Ι, 374. 3, 330
0, 673. 611111 11,613. u· 1111161 G. 3, 331. 310. 431. 3, 1116111313
111 1111111131 13, 463 11. 4, 633. AE. 1,114. 163. Veste G. 1, 433. AE. 1,
sibus E. 7, 33. 3. 3, 43. 403.3,033.633.3,673.4,163. Vesta 3, 667. 6, 7413
36 163. 347. 446. 633. 6, 444. Vestem G. 4, 334.
11 coloribus 111111 AE. 13, 763. 6, 773. 306. 7, 667. 336

333
363
AE.

2,

Ι
81 674. 734. 3, 133. 361. 631. 111113, 733. 4, 13. 637
11111611111161 3. 3, 333. 3,33. 633. 733. 10, 137. 330. 170. 6, 363. 406. 646.
16111611161111111111113, 373701. 11, 536. 677. 633. 167. 3, 713. 10, 633. 12,
1411ςί161 3, 31. Aquilo· 13, 433. 034. emensio G. 1011603
uibus 13. 1, 331. viarum 3, m. eoeii 13. 1, 336. 11111114,133.6,613.635
11111111 3, 310. Teneris 10, eui 3, 303. 1161111 6, 36. 111111 11. 3, 33, AE. 6, 673
.13.11111111,33.1111111, nudo suive 61111111 11, 1111111661.11.3,363 AE. 1,

5.
77

m 643 633. 6, 113. 7, 346. 161 G
16111111 (1.1,3311111111 11111161 eomiiiumqueumnem· 3, 464. AE. 3, 433. 4, 643.
11. 3, 443. numine 7, 777. que 11611111 AE. 7, 407 6, 331. 1, 343. 11, 73. 13,
nei-more equore 10, 303. 11111616111161111111,337. 763336
13113313. ..13333133 1116111 1””
1616111 . .111· 11 ,“ . , . ,

11111. 11, 3663111161 11, 11 16001 611 7, 333. egmine 11111616 6, 676. 7, 131

133 3, 300. 11, 704. vestigii 10, 1616611111 6. 4, 30. AE. 3, 463.
su 6611666111, 616 1116161

1311316113 111111111111111161116,333. 1111111 ugnos eeudyx 11. 4,
sum 111 1111111111 (1.1, munere 111 1111111 11, 46

06. venenis Picum 116111· 333 vesiigeuuuiie 1116 AE. 6,146
6116111131.7,130.11111- 161111116111111 3, 360. unio vestigans Turnum peregmine
um distulit 111161 G. 4, 3, 376. uem septime 6, 13, 667

,44 636. 71111136. 7, 734. 111111117111111 13,467. 11·
111 E. 6, 3. 3, 31. 36. 31. 3, 33. 1611136111 3, 646. 1111113433
16.43.46.61.67.61 161 116111161171161011 1111111111 putor epen 13,
111111 1111 AE. 6, 33 10, 633 633
1161,110111111111.1116111 1111111111111 6,636. 1111111 vestigemus moeuie gentis 7,
16111111 1, 671 1111111161 7,736. 61111111 3, 133

111, quud 11611110 111111 166. equus ud moeuie 11, vestigia 11. 3,13 3. 3, 403.
6. 3,6 613 474. 3,63. 171. 136. AE. 3,
11 11 11 611111 11111113. 1111111111 speeies animorum 711. 763. 3, 344. 663. 663.

 

