11⁸ mnnx

01111110 odo. 3. 3, 17. 3, 11010111 11111 81363111· 0011010.1,408
94. AE. 6, 514. 816. 870. 9, 1111601 4, 469. 11011111 8, nocturna peu G. 1, 311111·
430. 1111111111 8. 9, 38. 387 18101111 4, 631. 1011111
1101011111 6. 3, 3631101- niveo 011111111111.3,391. 7, 1311111111,Ὶῆ
111011 3, 468. AE. 6, 870. 1111101 11111111 AE. 8, 730 nocturna 11116, 363
heu 01011111 4, 667. 6, 189. 11110111000163, 199 nocturni igno· G. 2, 433
11, 841 0111111. 10,23.47.66.AE.12, 1001111011 1111111 12. 4, ew.
110 111010 1811 (1. 3, 367 84 undio 6, 868
111 1101 111111 amenio niveum 11101 Ε. 6,63 1011110111 0110114,490
11101810 01111 AE. 11, 611 1011011111611101 G. 3, 407
Nina 1:22⁶ 0116.1,316.18.4,360 1001110111110013,638.61111
Ninos, 18 nixibus 111001 1111111 (1. 4, 100 &4313
11111 AE. 9, 306. 368. 371 199 1011111 greges G. 33781
11111 E. 6, 74. AE. 9, 467 nixu mojore ὢ. 3, 37 111 epula 3, 637
1111111111 0111 31. E. 8, 67. 1111111111100111111116,736. nocuisses 111001110ώὶ1
quod 1111 9, 14. (1. 1, 156. in 11111111 13, 398 16
neo 11111 0111 nc. AE. 11, nobile Pallanteum 8, 341 nodantur 10 onnon 11ὴεὶ
113 · 10111111 101111 7, 664 4, 138
111106,364.3,333.306 1061611111, 341 001111 E. 5 31. 8, 77. Ξ. 1.
nisu 1011111 6, 437. rapido 11, nobis, 001, 001111, nostro, 396 6, 273 7, mam
869 nonnam, 0011111, 1101111, 9, 743. unffi
1111113333 0011111, 001110,0111101·101, nodo (1.3,76 AE. 13311
1111116. 1,464. 408. 111111. nostros, 11011111. 361
6, 394. 396. 818. 338. 363. 1061111103,174 1011013330. 6, 610
9,176. 184. 367. 330. 363. 000111011111111101111110· nodum 8, 360. 10, ffi 11
386. 436. 438 1110 Ε. 7, 38 776. 12.. 603
11100111111111100111111 (1.3, 00111111 houd ignoro AE. 6, 1118010111 nom. prop. 1111.
1731111111 18 338011111- 618.111111111117,338.1111- 767
1111 1111111111111114, 363. [101110113611 Nomadum tyranni mo
111 advenum 8, 337. im· 1001111111111111111111111118. 111114,330.ςε11118,714
presso nu ¹21³⁰³ 111, 76. 0011311111 (1.3, nomon appolonia 116116
111111]11311116,896 649 3,147. 371. 111 1, 21«
nitentem 1101011 3, 36. gu· nocentes 1111 3, 367 38837663431861481
lenm 9, 467 0001111111 quid 11111 regno 4, 334. 6, 106. 66481
nitentemgmousoospnoffino· 11111113. 6, 694 6, 336. 381. 6117, 163 1,.’1
am 12, 111 1011110111 o.1,121 111. 111. 111. 1, m 111 ¹
111111110111101 1, 338. equos noctu Β. 9, 44. (1. 1, 348. 3971014814931181
6, 664 compos 6, 677 387. 389. 338. 466. 3, 303. 618. 11, 333. 349. 11, 111
11111111 culn G. 1, 153 3, 360. 401. 4, 133. 180. 194. 616. 8331 835
111111110110 perfuso 11111111 497118. 3, 430. 796. 4, 133. 101110 1. ι. son«, 0111111111
&21:³5 “ 184. 637. 6, 366. 368. 603. 0111111111 nomen olinjmp
11611101 1111111111 (1. 4, 337 837. 7, 16. 7331414. 437. orn 1111111101 serm GU*-
1111111 eqni 11. 1, 111 422. 110. 1, 01. 111. 10, 111. 0. 1, 11. 11, nno
111111011ρ110.1,101 111.111.101.111.11,110. 1, 111 neo-1, 11 oza-7
01111101 juvent& 011311113437. 909 99. 373 681. 10, 861 11
ᾹᾺ, 473 noctem Ε. 1, 80. (1 1,468. 68813236
1111111· husto 6, 760. noer 11 486. 3,166. 379. 4, 190614. Nomentum 6, 773 7, 713
1110111111 11. 1, ooo. 111. 113. 111. 1001111.1,101.0.1,11.1
111ἷ340011111111111111101 (1. 1, ἐωίξέ 13373139ἒὲ904. 733. 1334. {⁴⁰22} Μῂέειῖ {333
110101 vi proprn 1,411. 1111111111. 1, 111 111. 11,o1' '
gradibus AE. 3, 443. 11110111 7, 8. 138. 8366411. 9, 166. nomino (1. 3, m 4, 3111
opum 11 12, 552 10111. 111. 11, 211. 12, 1111. 1110 mom
nivalem 7111110 G. 4, 617. 316 o,111.1ls.⁶,242441‚:1÷
Othryn AE. 7, 676 10111111. 1, 390. AE. 3, 304. 776. 7, 667. 777. 813
0111111 1011101 G. 3, 318 6, 137. 366. 666. 9, 338. 433. 473 519. 999
11111111111011 AE.3,538.vor· 488 11, 731. 846. 13, 348. 611
1101 13, 703 100118.8,88.(1.3,,467.18. 838. 111 nomine 1. 83
01111061. 1111111 G. 3, 487. AE. 4, 676. 0, 338. 378 367. 633. 3, 18 166 1, 171.
86661111110111110110111111 1111111111 (1. 3, 483 AE. 1, 6, 70. 8, 649,Ἐῖ
(1.3, 177 746 nominis Trojnni 11011111
niveum Paron AE. 3, 136 000111 E. 8, 14. (1. 1, 366. 733
111101 gorg {2512ssss 3013- {gg 4⁷18& ἔ, {gh 631 6, non 11011111,1111 11⁸sser
ἷῗῗξῖ 11111Ἦῖ '⁷³‚⁰e⁷o'1¹35¹>.11 ³113 111111. 11178111 10⁸5? ’1110 0. 1, 111. 0-
11111111,39 163 ,οη 4, 544, ωε gg,
111111 1111116111 G. 3, 364. 0006113011110 111110 61

 

