10

1111101 00041 “ 10000 1001110303
1111101 E. 3, 110 amicum 1, 010. 0130. 3, 30. 111ρο111. 0110 0110
10111010 0. 4, 431 0, 400. 9,193.333.430.444 01. 1, m. 3, 191. &tt
,1111ηο1 1. 1,11. 1, 11. 11. 114. 11111. 111. 11111111
101 0111100111 G. 0,37 031 i
Amaryllida l, 0. 3, 00 11111110. 0193. 3, 001. AE. 3, 11001010 0, 143
Amaryllidis 0, 11. 3, 31 330 0111111111 1, 000
Amaryllis 1, 31. 0, 00 1011111 G. 3, 70. AE. 0, 013. 01110111,001.0,373
0101110101. 7,030 730.11,803.10,030 ,41011101 G. 3,33
,410110001 11, 017 11011111 3, 341 0011110003,Μῦ
0111111010 11. 013 amissam 0, 111. 4, 370 Amycus AE. 10004
11011 E. 3. 34. 33. 0, 01. 7, 1111111111,010 Amyco 10104
03 G. 0, 113 00111111 G. 4, 313. Β. l, 001. Amycum 3, 773. tm
01111111 tt. 1,343. 401. 0313, 414. 0, 011. 003 01111011 3314 ,
737- 12, 06 amitto G. 4. 013. 0, 307 Amyntas E. 030. 31. 10ἶ
01011101 10, 11 11111101 G. 4, 010. 10. 1, 011. 0, 3101311131 Η
0011110110,οΙ 0,143 Amythaonius 03011 Ι
amati 10, 133 amissum 0, 014. 314 10,0111111,1111111111110
10111113. 0, 00. R, 0, 103 Amiterna 1,110 ten-m
01011011 11, 043 amittebat 111. 0, 303 Anagnia AE. 1, fflt
Amazones AE. 11, 000 amittet 11,403 10011114,310.10,301 i
0011001110 0, 311 1111101710 Ι Anchemolum 1οΏ
00101οηί0010 1, 400 Ammineo G. 0, 37 00111111 3, 470. 0, 13- ²⁴
111111,1111ιο, ambobus, 1111- omno 11, 401 0301311113
1101,00111“11,1111 1011011130- 10111010.0,00.0.1,141.3, Anchisa 1, 0114.811Ιει
luri 111110 31. 4, 300. AE. ’1, 034. 0, 0, 31. 99. 030 Mi
ambages 1. 1111. 1,.10. als. 111. 111. 1, m. 1, 111. 1, 111 1. 11· t,
0, 00. 33 03. 004. 030. 097. 3, 040. 034 i
10111111 0, 100 11, 000. 10, 417 0010110001οΙ ,
1011101117 1111110101. 1,]11. 411. Anchisen 1, 111. 0111,
11111801111111010 1, 1. 114. 1, 111. 11. 1, 111111. 111110 ¹·
ambiguam 1, 001. 3, 130 104. 0, 034. 301. 0, 011. 11, 134
1111010111 111. 11, 111 Anchises 1, 1111111,
1100110100 1011010111141111, 411. 111. 111 0 §it
111111 11111 111.10.1,110.11,111 1111111111 011
nubta 1, 111. 1111 1111111111, 11. 011 1111111111,Ιο1
1010110000 amnis G. 1, 110. 3, 000. 4, 3,103 10934
11011. 11111 101. 111. 111. 11. 1, 111. 1111101111, 11110
11111οο30.1,111.1.1,111. 11111111. 111. 111. 1, Anchisiaden 1, 01111
11, 111 11. 111. 1, 111. 11, 111. 10111111
ambusta 10, 301 300. 11, 400 antiton 1, loe. 010 ⁸¹
ambustum 10, 003 amo E. 3, 13 301
0011110 G. 4, 011 10101111· 111. 0, 734. 0, 033 1110111 7, 1oe
1111110 0, 430 1100100 1, 30. 3, 31 10111111 3, 004
110111 Ei. 0, 314. 301. 140. 4, amomum 3. 3, 3114,οὅ ancipitem 000
003073. 7, 400 11404413. 10101,101011,10101110,1100111, ancipitum
10, 031. 10000. 140. 770 amori, 1110111, amonim, 10110111 3, 411,οὔ
1101011013,οῶ capiatne, 1111 nullo 01111- 000010310
Amerina 0. 1, 000 11101Ι semu Androgei 0, 390
1011111100,οὥ Amphion Ε. 0, 04 001110μο0,οθ
110111 11, 001 Amphitryoniudae M, 103 Androgeus 031101
110111 1, 430. 0, 33. 0, 331. 101111111101111,114 Androm-chum
111. 111. 111. 1, 101. 1, Amphrysia 11. 1111 Andromache 1. 1010
110 Amphryso 0. 3, 0 313. 430
0101011 0, 147. 370. 0, 41. 770. 1011111111.1,700.0,310.4,33. intromittam
3,100.10,400 1011111100»,οπ 11111111 3043
1011100110] ampiecti G. 0, 40 anfractu 13. 112⁶²2
amicitiam 7, 040 amplectitur 13. 3, 303 angit G. 3, 401. 0- w
1111100 3, 403 , amplector 3, 301 anguem 0, 373. '51³⁴‘ , f
11111110.1,111.1.1,11.11, 11111111 4, 111 11,... o. 1. 11. 11· :3
109 1011110010111111010. 11111111. 101*λ
1111111 1, 111 111 1111411111
{mictu 1, 410. 3, 400. 040. 7, 1011111110,οω 0113010011,Μὶ .
110. 111. 11, 11. 11, 111. 11],111111,111.1,111 111. augum: 111101.
111 111111111111.1,40.0.1,037. 0010. 110-01
001001.οΙ 2‚21⁴. 1101. 1, 11. 111. 11111101
11010101 G, 3, 003. Ε. 0, 301. 3,104.400 0111011111 7, 703

 

