011 17011113.

7111111 61111, 111111111- , 111111
1111111133 1111 11
11111 3. 3, 311. G. 1,43. 70. Ι. tems
11.1111,111.1,111,1ω1 nom
11 1, 417. Bacchi Massicus 1 ὣ. 4, 331. 494. 7, 496. 9, ignea
9, 143 · 634. 1, 111111, 1, 11111111 6, 733. 1
1111111 1, 117 646 111111
11111111 1, 114. 996. 9, 918. 11111111.1,111 11111111
494 , 11111111 3111111 E. 7, 61. 1111- 6, 901
unum 11. 6, 43. 9, 19. G. 1, 11111616 11111111
999. 9, 163. 939466. 3, 993. 1111111111111113,1691111 7191
111. 1111111. 11, 1111. 11, 1111111111 111
7311193669 juvenuttem wgnun‘mGAE, 1111111
11111 Ε. 4, 40. 9, 41. (1.9, 37. 11111111 rerum 111111 Ι1111111111
114. 111. 3, 196 AE. 11, 319 11111611
11111111 (1. 4, 137. AE. 11, 1111611111111111111 Ε. 6, 16. 1111111111
63 1111 11111111 1111111113. 11111.
111111111663 11, 09 1111111111
11111111 G. 4, 133 11111111 11111111 1111111111 7, 377
Ι11111111111.3,63 9411111611 6111131161 111111111
11111111. 1, 133. AE. 1, 744. 9, 336. cumpo 111111 19, 197
3,.116 397 11111111
111 111111 G. 4, 336 1111611111ηὲ 6, 371 ω. 611
1111111111111111311111111. 1111111116 61111111161113, 9473.
7137 ’ 339. 1111 111161111116, 43311
11111111 apibus 1. 66 44 7, 697
11111111 111111 1111· 111. 19, inoffi Hesperium 1111111 19, 3111111.
, .
1611111 G. 4, 911 111111 111111 1161111111 pom· 663
111 AE. 6, 576 Ι11 7.64.1111111111111111 1111111111
dmm 1663 Ε. 7, 396. 11111111 1111111 1111111111
111. 1, 111. 1141 11111 111. 11
11119. 7, 447. 763 1111111111 somno 3. 6, 14. G. 11111 di
1111171. 4, 453 · 4,464. 11111111 Sole 11111111 1111111111
111 111, mmm pueri 16 961911111111111111111111 1111111111
111141111111111 11111111· E. AE.lg, (⁷323 1111111 equi 1111- 1111111ἓ111
1 Su 5 5 .
11111111 nomen 01111111 (1.9, 111111111111111 G. 1661111111 11111111
451. 16. 3. 994 AE. 1, 9941111113 11111 te· 1111111
1111 E. 6, 43 11 111111119, affl 11111 1
1111 puer G. 3,6 111111111111111111611111611· 763
111111 1111111 111111 11. 3, 1113169 11111111 1
¹⁰⁷ 111111 muros 6. 631. 11- 139
gergani 611611 animum ffl 111111, 111111 11119, 111111 111
11111 1. 1, 111. 111. 11, 1111111111 noct· 1111. 1111 11,
3⁵5 1111111 10, 397 103. 1111
11111111 fl. 3, 60. AE. 1, 1111111116111 111949 1111111
611. 3, 398. 4, 99. 316. 6, 11111111111113.9,436 11,633
996 7, 393. 666. 19, 7941. 11111 11111- 1, 319. pernox 1111111111
ΙΙ1917 1111611111111113,930.1111- 11111111
111111111111114, 197 1111 campi 11111 111 11111·- 11111113
91111116111616111111111. 1111111111 3, 343. 111111- jactatam 1
1111111, 111. 111 111 11111111,111.1111· 111 11
113111οη11 glucies G. 4, 1111111161111111 AE. 1, 99. 1111111 und
¹⁷ 111111111111911111111 ’1111111111
11930111111113, 196 111111111113,1114.111111 jactatum 11
W* ”⁹¹⁶”¹'³⁰¹¹¹ ³’ 1111311111111193 ,111111 1.
9119991111 111. 4, 367 149. 1111111 mento 11111111 11141 1⁴
11119147,606 63911. 111111 1111111 111111 1111111111
11111161 111 1111111111 6, 6, 796. 111 11111 Satura 1111011 G
497·1’11111111ἕ,6113 111 7, 691. orode· 13, 11111111
1311136 111111 9,177.1111- 737. 1611111111 1111111111 11, ἳῖ, θῧ
416111111111934. 319 397. ignota 1111111111 11, 1111101191 (11
1394111 11111411 697 111111 quo
111111611111111 19, 633 11116 111 1

 

