18 mm.

1111111110, 4, 108 arbustum M, 10 6, Β, m· 7164, OM.
Aq 1111118, 804 1161110, l, 148. 8, 680. 6, 666.10,.16811,οΙ,774874
1111118,8,,.,136111768 80],,4181 urdenG.l,ffl
Aqq 1111 G. 8,404 11611111111118.1,166 mena. 7, 418. 631. 87Ἇ
Aquilonem 1, 460. ,8,1,11611111111,6811,11 1844
. ι108 6, 8, 7, 861 1161111118, 68,,7 46, (1,8,60 1161611110, &mimi
8111Ιοη1ωῦ,8,118 81116118 18, 618 681
811111118861 Α1116118,618,10,864, 8071161611 E. 21. 6. ffl (14,
Aquilonibus G. 8884611, 11,(186 486. 61. &m 8,108,11,
881,8,.8864,810 81116118ψ74861ομ81 788
1111111,11,11.18.1,111 18.8,61,868,10,401,11,1161111118,ιῶ
1111111000 0814818831 881 116111 G. 1, 84. 4,,1. Μ,
11111116, 4, 834 81116118, 4, 68, 60 41. 680. 6,877.416,4,6
1111111161 4,68 Arcadia F. 10, 80 (1.8,081308481186140
1116.,1800.,Ᾰ1,,.8618683 6,,8160 11611((1,8,400.Ᾰ8811
7,764,,,068618,808 811ώί6118,10,468 11,(108
8116187011 81116110,4,888.18,8,678 1161111181,301,ι7,841
8116117, 606 , 11111111,111.11,11114,111 ardentem G. 4, m ΜΕ.
8111811111, 8, 116 1111161111, 836. 18, 661 7,148, 34601061
,1611116118 1111111,808.0,787, 183 0687018760, 10,OE 14
1111.4,171.371.8.1,.117 11111114, 488 66. 788
8,180.166,614.3,68,4, 1111111111111 10, 838 11611141 Gnatum
6000,.70,66808,178,718.11111,60,8,33,,41846,8, 08Ὴ461ὢ1401311
1111111.,,17(1,8386.,3480 631,4,410.,..,6176Ι8830 810,7,,346113’7.60.7,.11
AE.,22’2³.425.6,17’7.,8 7,.70’8,.110,805.,.114⁹⁰ 8,.,608118α11ἣο76
180, 871, 837 18, 810 111111 11, 380 11611118, 8, bas-12⁶8
1111616.·1,804 880 1111161118, 406 1111111118, 406
arandum Ε, 8, 780. ³1⁴9ss- 1111611681 11611116114,40.6,ἤ4707
4, 818 11116116, 3, 166 11611111 1, 718. 18607
111111 G. 4, 847 111111 AE. 1, 860. 860. 484, 8, 11611 1, 401. 8, 1111111
111111111711 111111111.111,1,111. 1111111 111 nm
1111618663 330,8,,,88367067 18,..871886
ffifflm 114, 11 1, 111 mg} 4811111111, 1, ,0311466171οΜ η’ ³⁸
ν11018.3,,,,,48441(11,861, 436 116111ωῶ78 184
8807, 8617, 4, 618. AE. 8111111110, 681 1116188118117181
10, 804 mentun, 770 816, 613, 871, Rufi
8111118,8,66,(1,,,360010 ment1,8⁰⁰ 48806 a} 66187
1160118108171187111111.1,.110.1,.,8111 101.618,60.0,881,61·“1.
636 686.,4401.,’18,.180,087 11,.,61818746Μ
11111116,,,,.,,8180368,87 480,,’8010,3,,’.,80166841161110.1,8«18844,1ὓ.
680 884.800.,8476,0.774788 8,.480188884763,
1111110,146,08.,,404006 761606837611477 610 708687801εὲἿ
8,,618,18.6,.7660486 18008 70848810..Βοὅέ
1111111118, 0, 60 1111111111 G. 4884186110 10,8.10810711,4ἱ 'ffl
811111 AE. 8, 788 arcessitu tempus 10, 11 18, 788
,1161118,1,11.3,71,1,11 111110, 748 · 11110, 1, 178, mmm}
G. l, 868. 8, 76. 300, 470. 1111111073 nebant G. 4107 AE 2, m
3, 806. 368. 4, 667. AE 4 6116111111 18, 460 111110. 1,114 Β. 4» 106.
485.6,601,6,186.141,187, 811611ῃί7, 768 884.408.4,91,161,Ιῗ8
80810807 11116110. 817818, 1810, 18 4680. 6, 0687ιᾶ871
11611111111111, l, 60 1111184, 1861618166, 111161168151
11611111 cornibus AE. l, 100 31088180680, 161 1810087611οἏ(
arboreum (11111 18, 888 8110111118, 76 111111 (1.1,18681Μ R
1161116118. 8, 81, 6,,88 10, 1111118140 111111. 1 lumi&
64..,(11444,,,’8089.116ἶ111111164807 &amman-lna}
867. 878 4, 600. AE. 1, 811, 8111111, 188 11111118.1,11,6.111 8·
1111. 1111. 111. 1111. 1111111,1,.111111.11,1,11 111.1.,’.1111θ ¹⁵
8,06. 18, 404 8111111018114 086
11111,1.1’,.1111111.1,11,1111616111. ,11,111. mma. 111110
..,,111161111111111 1111 111111111111181
116118,3668.,867,60,.81 11116,..6076186,80811,664 1111111114,867
181108800484148.1111118318, 8,1,187,111111118,360.183
18.8,.171,8116.1,1110 318, 3, 633, 6, 681, 008, 111111168196668
1111111118 111 2,1'3. 4,,8 068. 8, 704, 9, 16, 11, 676, 11101111, 110
601. G. 8, 416. 3, 388, ,8. 18, 818 1111116118, 877
111318 1111111,111.1,11.,.1111; aretz. 1,11,,·11114· 141111

 

