'or 1151155. rus

5115115 11515155 E. 8, 13 G. 1, 45. annuit AE. 4, 127. 1151115115115151151515515515
5111115 numine AE. 7,584 55983 7, 357

11111115115551511155151- 115155115555115711155558, petiverit 15155 5555115 ns,
berni luminis G. 1, 292 551 80

errius usus 1511151515 1112, 11515151111515551551,158.115- 1151111 ninnium AE. 2, 804.
453 11551 3, 364. agmen 55555111 1151155111 1511512250
1115151 5555 11115555 12, purius 7, 59. 5115 pelugi 0, 115111111515151511111115511515111
474 81. 5511151119, 790
5111111151 iuli 1555 omniu 8, peterem 15 supplex 5, 115

3, 553. 511115 555115 5, 1158.
15 vincis Turlureum 55515-

14 1151515511555 51111 alienu 4, 5551 5, 395. somnos 7, 88.

110.3,55.111.10,351 312
1551515 11111511. 3, 248 11515151Ρ51115155 1, 551

ussine 15 1151115. Ε. 3,17 1151515151 classibus Trojn 1151
1115 111. 4, 90. 5, 599. 9, 15111151 4,313

540 11515151511552,545.11151515111
551115 G. 3,153. AE. 3, 520. 12, 253

9 31311155 11111515511551 ures G. 2, 210.
11115 G. 1, 131. 3, 471. AE. 5, Mycenas AE⁴ 2, 180. 15515 4,
isi. 12, 8-15
1111 551515 11115151 1, 712 238. 11511551 10, 32
1111111155 7, 570 petierunt 5111515 11, 272

11115 G. 3, 419. AE. 3, 215. 11511115 Mycenas 15515 2, 25.
5, 533 7, 505. 11,792.12, Penelei 1115555 55115 3,
855 503

elam counuhin 4, 535
nunnus 15111115 1514151551 juculo 10, 843
15ηΜωΜ5ΜΜΜ
11153.129.511511115115155 1111111155 15115111 3, 03. 1111115
iura 7, 132 1115111111153,275. Evandrum
11111151· 51111515 3, 412 8, 119

1151 cornu 9, 529. 551111515 115115151515111551 G. 4, 445.
8101151515 10,150.1111ο15 5551 55555115 AE. 5, 151.
55555 10, 584 51155115 51 5115 8, 395. quid
11511111·5515115555111511515 15115 ? 9, 94

G, 2, :nh regnu 1111155555 11511511 quod 1511555154, 100.
AE. 4, 381. 5515 5, 155. 555· 115551 bullo Hesperiam 12,
gressus mens 5, 733, nalum 359

1551515 55555511515111115 7, petil 15515 155 (15111155 Ε. 3,
95 5151115111 urbem G. 2, 505.
eleisum 11155155 2, 535 15111515 551 1111551555115153,
11111551 templum 1, 519.
1511111 111551 in 11551551 7,
54 pelago AE. 1, liii. por·
115555 515 1151155 4, 575
111551 AEneae 5555111 8, 4113.
juga nemorum 11, 5445111·
mmmm

11515115 pelagus Trojnmue?
10, 378

115555 sedes 51111151 515115-
1111511.4,8

1151115515 punem 551515 51.
11555 5115 fluuii G. 1, 142.
55115 5511551115 4, 429. 115-
cern 4, 535. 1111515 5515 AE.
2, 255. 5115 51511 dirigens nr·
tum in 51111111 5508. 15 Sum·
uus, 5 Palinure 5, 840. 15·
sponsu 7, 02. 5115 uhioni
51511,551.1515,57.5111 742
aquilonius

ini 1, 511. reginum

343. 15515 7, 512. Cocyti
sedern 7, 552. cursu 515115

545 15115515 111, 313. 115·
lenum 10, 388. 5155155515

111151555153,651.8111551155 8, 159 1

8158. 55555515 nostru 12, petito longinqua Tarenti G. 2,

42 197

151155 7, 323. 12, 850. 1111151·
5515 11111 515511115551151551
3, 405. ampiexus 8, 515.
sedern Evandri uriiril 9, 9.
5111115 1551511115 10, 035.
silvas 11, 813. 1111111115-

gillae 1111515 vium 12,

154. 1515554112. 5555151 7, 11515 tempus 111555 requiem

spuliumque 151511 4, 433.
555 jum primu 5,104. 11
concessu 5, 7118. 5115115 11,
791. 1155 151111 regnu 12,
190

peliis 11511515 10, 57. 1355515 1511155511 G. 4, 15
petunt 1111111115 mauis 1515

1,1111,155114,65. 13511111·
chrum 1111· 1111115111 5151111111
4, 218. 111. 11,547. 1151515 2,
151. 1551551115 1111 ungnes
2, 213. 1111515 cursu 2, 400,
11511115 5, 52. sunu 5, 578.
qnid 55115511 5, 319. 15·
sponsu 1, illi. 5115 1151 “
8, 591. iura 1115115 9, 1 .
’11515555 11155 1115115115 9,
128. 555115 9, 315. 11115 lusu
li,871

1111111151 1115151111 12, 754
1115551115 3, 291

358. campum 5151115 3, 522. 9111551515 5, 445

omnem prospectum 15111 Phaethontiadas 1511151 Plue-

1111111111 Ε. 6, 52

lum 1, 194. 1115555 (lux 9555155555 AE. 5, 105. 10,

189

3111511,717.511151511555- phalanges 5, 489. 12, 544.
puli 5, 180. prona 515115 552
5,212.(15511101551111111515, phnlnns 2., 254. 11, 92. 12,
225. 5511515 11, 11. illurn 277. 551

5515 51155 Turnus iu 1155- Phalarim 9, 752

rem 7, 55. 15515 11155111 7, phalerus 9, 350. 458

11515115 5, 310

1151151551 se rex G. 2, 98
15551158,221.951555111515 1111515115 ,1, 323. 4, 138.
0, 439. agmins primu cursu il, 590. 850

11479. 1155551515 ,5115115 9, pharetram G. 3, 345. 111. 1,

nmmnmnfflm,
555

1511515 hostilem moriens 1155151155 5, 558.11,844

10, 489. 51111515 iugi 12, 11551511515011151111111,549
1551511515 Persidis G. 4,
petilii 11511515 cursu 3, 253. 290

11551515 regnu 5515 1, 520. quid? 7,197.11551115111111111 11111511ιί11 2ἑθ1225 AE. 5, 501
nro .

51155115 G. 4, 289

5551151155. 4, 357

115511 mihi 55511 responsum 1151115111 1115155513. 11, 0 Phegeu AE. 4, 765

 

