09 WGRDS. ’ 96

, AE. 8,(136. veste mmm 6, 440111 aurum 12,23.161.
1111 G. 4, 249. plur. 406.111111110’11111111111 rege 7, 261 ’
1011 mammes AE. castrorum 9, 62 Latinorum 11111 7,100. 1111
latebram 1111 12, 389 8, 448
111 G. 4, 449 latebras G. 2216. AE. 2, 38. Latinos 1691. 7, 151. 262.
11. 11,116 55. 10, 151111. anima poe- 425. 11131. 111. 11,1111.
111 11 1111111116, 354 111 10, 601 666. 823. 837. fines 8, 602.
226. 3, 225. 4,624. latebris curvis G. 364411· 11, 688. 1111111104 mu.
9 fossis 4, 42. 11111 AE. 3, 232. 111 11, 17 oratores 1111111
11 viscera serpentis 424. 11 latebris 11 1111111111 11,331
17, 374. illum 10, 640. G. 4, 423 Latinum 7, 333. 373. genus l,
111111 T hymoeten 12, latebrosa 01111111 AE. 8, 713 6. regem 7, 467
111111Μ1111111112, 110611111111111116,214.12, Latinus 7, 62. 92. 108. 192.
111 1111111. 11,111. 111. 11,
111111111111111111- latentem 11 sede 1111116111- 18. 161. 196286. 609. 707.
1111116602 darida 2, 668 111 7, 46. 432. 666. 9, 388.
1 1111611111 G. 3, 467. 11111111 1111113, 32 12, 657. pater 11,469.11111·
11111111668011· latentia 1111 1,108. 111113, 12, 192 ’ ,
111111 [11111111111611 237 Latio 1, 6. 31. 266. 4, 432. 5,
,111 undas 11111111 111111111111111 G 3, 623. 11- 731. 6, 61. 89. 793. 7, 36.
9 dua Polyphemi AE. 4, 666. 54. 271. 601. 8,Ιο 14, 10.
11111111111111111 pe· 11111111 4, 246. pyroe 5, 366. 11, 141. 361. 431. 12,
11112, 236 216 24. 148. 820
111111 825 111111 nomen montis G. 4, 1111111111111110.2,411.11;-
hus 1, 726 419 nis 1114, 199. 1111111 6,
111111111111 G. l, 139 111111 3, 64. AE. 2, 19. 341. 887. 1046611111 8, 606.
1, 314. 11. 1, 1111, 393. 553. 4, 73. 1111. 7, 1111111, 711
1116691111 1111611 domum 1116161411, 43419125Ῠ453279 11811161] 8312158. Q. 71’05123:
43 ¹ 11111111 1,122. 160. 10,210. 11,168, 12, 826
Z] 16611161. 110111 1111121711111 1111 1111. 181116131161161011111131116
9 1111113248. ipse 1111111 482 1111611111111 4,131.
111 copia G, 3, 308 3, 636. sub elassibus aequor auro 6111111 6, 312. 1111111
11111116. 6, 640 4, 682. 11111 6, 6. arbore 9, 323 1111 12, 389
verb. quidquid 1111- 1111116, 136. pestis silvis [1111111602 .
1111111111 111 10, 491 7, 606. 1111 precibus 111111 Latonia 9, 406. 11, 634. De·
111 (1.2,3901111111 10626.1111111111111110, los G. 3,6 virgo 111. 11,
465. 1111 6, 699. 111- 806 667 “
12, 721 1111 aditus 1111111 6, 43 11111 1111111111.1,492. AE. 10,
ores G 1,355. 11111 laticem l, 686 408. agros G. 4, 622 AE. 11,
271 1111111 G. 3, 609. AE. 4,164. 8· 1111111101 2, 721. 5, 376.
imbrem G. l, 23 612. 6, 218. 716. 7, 464 11,679.111111 11, 644
pum AE. 11, 318 1111111 G. 2, 192 1111111 6, 401
’.11111111 1336111111 laticum [Ε. l, 736 11111111 [1111160018
G. 2, 169 Latina (1111. geme 8, 66. urhe latrantibus monstris 6, 76
6110391395 9, 367.11,100 111111 Hylax in limine 8,
1111111656 11111111 111117,411.11111 ’107
11111111112,197.11, 10, 3601111111 11, 518. 111111111111111111111.12,
quaecunque 12,143. 11111111 761
1111111 11. 2, 64. puella Lnfppl. 1111111111 1)ξέ 6<ss Ι {almior 41111118, 698.
11111111111131 1111616101 11 1111. 116111.11611116111111Ᾰ111α417
111 papavera 1111111611 402. 603. 618. 621. 12, 16. latronis 111111 12, 1
,9, 436 240. 646. 656 693. 730 1111111111 1111611 doli 111-
111. soem. 111111 12, Latini regis 6, 69]. 7, 284. 11111 ,1111111 Ι, 130
11111. plur. 11111111 G. 407. 686. 11, 213. 12, 68. 1111111111111111118,323
1. 111111111111181111 137 667 1111111 agmen 111 613
AE. 2, 312. 1111111 6, Latinis 7, 367. 470. 8, 117. 1111111111111161111111111-
9, 717. 10, 77. 11. 229. con· 111 operi 10, 702
n 10, 697. 698 1111111 7, 96. regnis 313. ar· laturam 11 1111111 arma Vn!-
1111111 111111111111111 vis 8, 38. 10, 3110 canibus 1111186116
11111111. 4,94 9, 486. occisis 11,193. [55- 11111 11. 6, 63. AE. 1,82. 2,61.
11,111111111111311111 1111111 12, 211. 111111 12, 3, 68110311778. 12304,
. 693 601. 1111 111111 prora 1, 106.
...
1 · 1 · 1 1 =

 

