0110101 m

10110 4110110 104 1111 10111113 3, 444 1010111113. 8..OE 111119,
10111100. 1,.11 365. AE· 101111131113, 513 14.1104110.1,13 344.
,3,.139 4, 393. 5, 343 637. 001111 11101 11100111 1111111 31111111, 30 1101111113, 31.
’3,’71 0101014013, 643 11111131, 337
,1011111 1, 140. 3, 103. 101111 10101111. 3, 33. 01101· 101111110110111001111 31110
131 11100011100111 13, 14 5,604
111111011311111101001110 10130110111111111110. 7,1011111111111113,11
4144 083 0011110111 11011113 1, 145.
1110110111111111 1013011 4101311109, 697 61116, 761. jugem 3, 593.
,001111 01111301 301101 me 11011111601111113, 163 corpora 11, 170
' 11111111, 14 001101101111011111111301 1011111111011111. 3, 33
11 sm* 111110 1
10111 1111110114 413 3, 417 101311 111111101111111111 0.
Νιὲ1111740111111110101101110.10111111Ξ1ὀ1ἒιὲ1ὣ.6,499.311-Μῖιξὲθ ⁴ 2¹
11 1
101111 1111111011 1, 453 1011111011 1101 1110111101301 101111 4, 436. 111. ο, 431
10617111111111110101137. 1,11 1011110111 011111. 749
433 1101030111111400113111110 0011111013 suamm-
1311111111 1131113 341 11110 1, 375. 3, 141. 7, 1011001 4, 306. 1111111131
01111111111011101111103111 411 AE. 1,93. 11114 3196. a.
11, 703 0010 adj, 011011 7, 430. 10· 11114, 300
10110 111011 1101011101 101111 011111, 495 1011111011 1101. 1111. 1411144
111616 fimf& 3161166160. 010 61 ²³¹ ’Μ’ ¹¹
111 ’ 11, 111. 11, 111 10101101 0. 4411, omni·
6111 quot 10011 fluctus 1111· 101011 01111114, 643. 11111111, 111114, 391
11111111101103 103 739.1111161011111110111 1011111 mgniAEl, 663
1011113. 7, 31. 1313149. 4, 11011115 6 1010111113. 3, 37 AE. 5, 73.
307. 7, w 1010131110 0116113101 0 111111. 10, 74. 0. 1,.43 1011
0111 11 supremum 1001111 1)11111111.1- 1,133.1130114,141.10.
0116111666. 6147. 04, 314. 666. ’66611 '213⁵er 43611161 11661οο 9AE 696 ⁶⁸⁴ ⁹ m
AE. 1305. 4137. 7,163. 439. 3, 333 10101001 0001110111, 793
3,314 1101011101110.1,444.111.,1 novos 101110 mm. 10104
01110011,ωο 3, 166. 6,546. 35. 103. 1, 417 AE. 1, 307
733. 736. 7, 98671 10,431. 1011 10111011 0101111111. 1010011113. 1,11. 111111
11, 137 641. 100 0011100 471111111111110. 4,.316 5,71.1010116,37.111101
’1”11.”’”“’”“”’””” 5225? 1161611111 11311331
, 10
01111011.[(010. volu 01 0. 104. 101Ρ9, 110. 701 &8637
3, 130. 1111111311 0111111.1011111,154.131.010110.10101011031101111111011110.
111757. 0131 101 10101111 ,370101013111 4, 337. 3, 437. E. 1, 473 pavor
11, 303. 031. 111 1110 1, 401 0111111111 1, 430. 11011116, 3113. 30111114 10. 10101
imagine 2. 773. 1111011 1061111 7, 477. 111313, 3670 004111153411-
111100 3, 737. 111111. 111111. 695. 9, 69310, 513. 11110· 1111111100111337.1011101
100111 E. 1, 3111111011 11111111,110110,.341 pag 11· 11, 337
04166 1131110011 0101111154 1111111111. 111- 00111.,.969 0114701,
1,660.111101111111011,.166 minaE.3,.s⁶regnaAE.,1 30.,13.330.660.3,147.
110011111110111113,337.11· 310.101111111,667. 11111110 193. 311. 337. 4,.331 461.
11111016,331.11111117,491. 3,140.1111116,310.11011 311. 3, 711736. 6,171.
111117, 500 1111011119, 373. 7, 393. 1111 1033111611 330. 366. 3, 67. 339. 9, 133.
11011 01110111 010 1116119, 16313 11, 301. 11, 343
410, mnam 11, 193. 010 10111 111.1111.10 4, 131. 1011003001011, 41
1101110 110100101011111110111111011 1191900 11111 11111. 11111.Ι 101 116,
4140 510 11111 11, 414 731.10111ι11101111,316
1401401001 G. 3,100 10111111001110111111 01 11110.1,111.1Ε.1,110.,0
11111011εῶ. 6,341111111 71 516. 316. 9, 640. 10, 636.
11 1011111301 110 1011101, 11, 393. 711, 11, 311134
’,Β caemlw ὃ, 87 71 1106311191,366.666. 6, W).
44111110 1011111011 1111111 101111 11311101 1, 511 4,.60 Ε.1,.330 1,663,3
nudum 11, 174 10111111 3010111 1111111013, 371. 6, 10. 7,.143 11313.
„pflndusshffissm- 139 593.,’.,’93310309.11,343.
, 3, 25110011 AE 6, 001103111111014,190 356
·· 0011110101016, 731. 11117, 0111113. 3, 37. 0. 1, 313461.

Ὶ’110011111114001111111001 630 4,,017 ἢ), 1 113 '1⁴8 141,
.3,15811110111010111 00110110110114, 330 3631

 

