11811811 8. 18, 1. 8. 4, 844.
881. mm
181818818888
811 mmmmm,
Ἐξ. 1, 114 448. 10, 847.
agonio 8, 487. 807. 7, M. 8,
878. 4, 488887
11118188 i, 888. 840. 8,488

Argi 8, 818

41111811 AE. 0, 848

ugni. 8. 8, 181

Argi· 1, 44. mis, 178. 7,
488. 18, 774

1111111888 8. 4, 44 ,

11111111Ξὲ 4, 484. 7, 874. ⁷⁹⁴.

7

Argo 4. 4, 84
iiiiii& 787*
monci a, 811. οξ 114
Argolicis 4, 177

Argolico 8, 84

1111111881 10, 88

Argolicum 4, m
41181448. 88. 8888. 10,784
argue 11, 884

11188118 11, 184
11118
uiguit 4, 18

1118888188 7, 741
Argus 7, 741

111811 Β. 7, 1. 44 8. 1, 877
11818 1, 148

pino. 1,Ἠ4. M, 14

0711118114. “ 18

1188118188,Μο 1118 8. 4, 884848. 1, 884.
1181118 7, 888. 8, 847. 4, 778. 4, 18. 184. 148. 8,470. 444.
10, 140 788. 7, 477. 788. 11, 780.
1181811 4, m 7, 444. 11,488 14, 441. 874844
8811181148111, imo, mom 8. ι, m. 4, 88. M.
mmmm 881888
8181118 4, 474. 14, 887 14, 884

11811818.1,488 811818. Lm. 148. 4,84.8,
118118 M, 118 101. 844. AE. 1,887.4,448

amnti 1, 141 1418118. 1,881.111.1,118.ι1,118 ι

840. 4, 48. me. 878 14, 848847
818818 4, 488880. 11, 818 11118811 4, 148. 11, 487. 14,
11181188 4, 848488 410
amnium 8, 817. 8, 818 11111888 1, 488
4118881118. 8, 44 81111 8. 4, 174. 4, 440. AE. 4,
1181811 , ,48 108. 7, 774. 8, 877

. . 144. 111818.8,78.8.8,84.488

188. 4188141148811,

1188818111 11, 871

armentarius G. 8, 844

11888111 8,488

1188818 8, 71

818818. 10, 188

miger 4, 477. 8, 488. 4884. 448.

848.11,84 .

armigerum 4884 , . . .
1181881884888471711, 884. . ,
1181881881114448.8,884 404 ’

8181188111 8,844 811181 AE. W?

8188 8. 8, 88. AE. 10,844 111118. 8,88. 8. W· 181.
1188888.1,474.ὧ.4,801. 818. 4, mmmm&
4148,884.4,817.11,848 Mamm. ,8,
111881 8, 881. 10, 711. 11, 704. 7, 887. 788 744. 8,88.
447844 808. 10, 188. 800. 880. 478.
Arpi 11, 448 840.11,447.14,4.Μ.881.
4111111448 848

4188111488 11111111 1188 4.8,71

. 8118818 4, 408. 8, 188 arundine E. 8, 8. 7, 14. 88,

mmm 81, 118. 8. 4, mo. ι1. a. 1, 844. 18111. 11,
1, 141. ιι, 48. 8, 181. 881

. , aas arundineum

11188181 14, 818 arundineis 8. 4,488
8118811 1, 874 1188888. 4, 414, 4, 478. Ε.

, 18888111818881418. 418888188814.

1181114 mna ιι, m. 184. 888814.

, . . , 88881811,884 884
, . . 1111881814,817 4188188111,888
. 11188188 14844 1118 88, 180. 8. 4,44.8, 188

mm· 4, 811. 888

sias 4 1, 7⁰. AE· 71049
suso. ι, ιιι. w>- 4484.
158
usin 1181 Β. 8, 71,

ιιι 11 81811811148184 494144·
“mmmmm cen·
11

81188181 8, 448

arrepti 10, 448

impio 11, 484
11181818 14, 481

1118ιὶ1 10, 748

111τί118 8, 477. 4, 18
81118114, 881

aripuit 10, 848. 11, 881
111 14, 814

8111118 8. 1. 488. AE. 4, 174
11181114, 881. 7, 844
8111888 10, 887

81111 8, 848

1118111 11, 77

 

