120 INDEX

nubilo, 664 350.10,108,11,702.12,441.442
nubibus E. 6,.38 G. 4,312. 423 498. 770 368611

8,1,.423,.,1994200. 1111116162,.5833496.,10901. 661

248,6,886266689,15.11,104 111111621161681,

18,3Ι3.,,.,10387326412,1111111118,3,64..,84624 maniat-²⁴5³.

796 11111114,369,66370,7,.294 83,,,,,34064618,82,60
nubigenaecentnurw, 674 206. 66 10, 68. 70. 6661- 3460, 700. 4,666 6, 471
nubigenas bimembres Hyia· picenum 10, 481 10,26.11,618.Τᾶ12,8,
11111111111111.Ρ1Ιοιὶι111κ112184426331111616118)662454 unii?- 9161116 9, 474 vuit

1984 166. 196, AE. 3, 586. 1116111160, 692. 653 168 1611111113, 660

4,177. 246. 6, 612 6, 454. 1161116111,.482,155, 178. 736, 1111111161 uera 6111616111,

592.,7621.699,9,671, 10, 3, 431. 4, 621, fill. 6, 740

368 767 12, 266. 367 768 6324, 7,.671 8,.382 nunno 6116 61111661 mim
nubilis plenis 1111116 66111161 7 10, 221 1, 391 ,

63 numerabat 11116161 G. 4, 347 1111111112, 647. 4, 287, 6161
1111068, 429 11161616116661118. 3, 34 6,466.7,167. 437 8512.
nucescbsmngtnssssswfflupmge numerantur 611 norum G.,4 6569211, 447. 897 12

11166168.1 209
616116116118209 numeris [16116111 2, 284. sep- nu 18226, 3299611
nuda 111111 soem. genu 661111· 1611118. 6, 646 ,21 18. 6, 789. 68181

diam [1.,,.,1111618132066111611161688Μ7562104 594
1116111111, 18 1, 171, 3, 623 .,1 62. 8161611161617, 716

6610
66266
,27

135611
nm
60

11116681). 1,16.
1616ςί680680 306660760764769861111111111ῥ18

6611616616611611611116,2, 8, 647. 10, 38. 11, 208. nurus 6611111111 2, 601, 661
6311666118.1,211.16166 699 12, 236, 630 7666612787111661611,
iugi6, 286 numeros memini, siverim 16· 215

66661661161161611111661661· 66161118,,946.11616161116 1116663661 (1.4,186 18242
111127 1661616666 1,137,’1111-4313.12,87

nudati 1661118. 3, 282 renuit 1661111 2263111611·66111111616111661116661666

nudato 666116 12, 312 gere nervis 18. 9, 776 9, 682

6666161616161615, 136 6661611618,6,86.7,62. G. 1111111661 mundum 666666

nudavit pectora 1,366 4,436.8.1,193.2,797, 661116168660

nudi Chalybes G. 1, 68. 1111- 6, 646, 682, 7, 211, 11, 328, nutui concusso 661661 cm·
meriAE.11,643 in 6161611618. 6, 27. G. 18. 2699

nudis dentibus (1.3, 514 4,176. 227. AE. 3,446. 8, nutribant quem m? ··

nudo 1116 retheris 116 18 2 453 485
612.161116611,642.61116 1111661116.2,104 111111166111111111111111,’“2 ,1.

12, 306 Numici 1611111 stagna 8611616616 3116611682
611611.161111,61.1.6661-16016116 1161166117,11116161161ρ61276
6618663 24211161116111111117797 numerat quos 12, 344

6111111ρ11171,48,111,1616 1111116164, 41 nutrimentum! 176
11116118.1,299.]’166611111 1111116181, 10. 80. 4, 7,.506 nutritor 61116111 pronubi, ρ*
arena 1666116618 5, 871 18, l, 603. 666 2 1231411666 66166·1ιμίμ-. ‘¹2¹
membra 6661111011 membru 233 623. 3,264. 359. 643, G. 2, 425
8,,ρ,4261611161·111489 6946974204 3826 111111118Ή416346646

11111168.,.Ρ,.1786256.,183. 466,0,68.7,.2973108,61167,,69291081

, 209. 3, 292, 4, 443. 616, 18. 612 67416375. 11,901, 115
1, 325 2, 701, 3670. 4, 12, 182201 nnxpiurimnG. 1, 187
2122726683626653. 6111111668,4,47,61. 1,.8133. 1111116664, «mm 1
7,.’,,’616918212927144416742,,18333113964273210,,601126Ξ
261. 447, 739. 10, 44 376. 703. 777. 3, 363, 3124, 269. 12, 142
692,86411,306.362..399 6,,,6666020636871166166682, .3,9,.82·
1611,201.161.111.111...,.,11566111111161661661.
819 23212180188 3111632871 4.

11111166,399 . 1111116166. 4, 463, 188, 7, 776, 8, ,661 1.

1111161111 134, 2364. 11, 186 336. 339. 1, mn..

411 1111616616, 768, 10, 342 12, 786

11111118,1,126. 4616182 nuno passim, 116 1169611666 Nympbamml, 166&
439.4,,35456.5,610.6 1661666.Νγωρ116117.9,..116661
663.,8602,11, 167343 6666666οἾ18626766 4,,,382883471371
1227 334,66386,66,8,,,1220 83221

11111Ιί16.,,.,,,21018443811 211ω761762664,74..γ111771166118.6,21 781.
726 286. 611 376. 377 66 44256

611111161111111116.4,463 666,.166 6616244166 Nymphai 111111, prop-rm 1612.

11111684,18.8.1,102 128, 467. 66 686 66 687. 701. 10, 670
8.1,67’4.,32216,390.,7 666.316668,.2066116166,86

 

